    0.10000E-03    0.54536E+02
    0.10202E-03    0.55593E+02
    0.10408E-03    0.56670E+02
    0.10618E-03    0.57768E+02
    0.10833E-03    0.58888E+02
    0.11052E-03    0.60029E+02
    0.11275E-03    0.61192E+02
    0.11503E-03    0.62377E+02
    0.11735E-03    0.63585E+02
    0.11972E-03    0.64817E+02
    0.12214E-03    0.66073E+02
    0.12461E-03    0.67353E+02
    0.12712E-03    0.68658E+02
    0.12969E-03    0.69988E+02
    0.13231E-03    0.71343E+02
    0.13499E-03    0.72725E+02
    0.13771E-03    0.74134E+02
    0.14049E-03    0.75570E+02
    0.14333E-03    0.77033E+02
    0.14623E-03    0.78525E+02
    0.14918E-03    0.80046E+02
    0.15220E-03    0.81596E+02
    0.15527E-03    0.83176E+02
    0.15841E-03    0.84786E+02
    0.16161E-03    0.86428E+02
    0.16487E-03    0.88102E+02
    0.16820E-03    0.89807E+02
    0.17160E-03    0.91546E+02
    0.17507E-03    0.93318E+02
    0.17860E-03    0.95124E+02
    0.18221E-03    0.96966E+02
    0.18589E-03    0.98843E+02
    0.18965E-03    0.10076E+03
    0.19348E-03    0.10271E+03
    0.19739E-03    0.10469E+03
    0.20138E-03    0.10672E+03
    0.20544E-03    0.10878E+03
    0.20959E-03    0.11089E+03
    0.21383E-03    0.11303E+03
    0.21815E-03    0.11522E+03
    0.22255E-03    0.11745E+03
    0.22705E-03    0.11972E+03
    0.23164E-03    0.12204E+03
    0.23632E-03    0.12439E+03
    0.24109E-03    0.12680E+03
    0.24596E-03    0.12925E+03
    0.25093E-03    0.13175E+03
    0.25600E-03    0.13430E+03
    0.26117E-03    0.13689E+03
    0.26645E-03    0.13954E+03
    0.27183E-03    0.14223E+03
    0.27732E-03    0.14498E+03
    0.28292E-03    0.14778E+03
    0.28864E-03    0.15064E+03
    0.29447E-03    0.15354E+03
    0.30042E-03    0.15651E+03
    0.30649E-03    0.15953E+03
    0.31268E-03    0.16261E+03
    0.31899E-03    0.16575E+03
    0.32544E-03    0.16894E+03
    0.33201E-03    0.17220E+03
    0.33872E-03    0.17553E+03
    0.34556E-03    0.17891E+03
    0.35254E-03    0.18236E+03
    0.35966E-03    0.18587E+03
    0.36693E-03    0.18946E+03
    0.37434E-03    0.19311E+03
    0.38190E-03    0.19682E+03
    0.38962E-03    0.20061E+03
    0.39749E-03    0.20448E+03
    0.40552E-03    0.20841E+03
    0.41371E-03    0.21242E+03
    0.42207E-03    0.21651E+03
    0.43060E-03    0.22067E+03
    0.43929E-03    0.22491E+03
    0.44817E-03    0.22923E+03
    0.45722E-03    0.23364E+03
    0.46646E-03    0.23812E+03
    0.47588E-03    0.24269E+03
    0.48550E-03    0.24735E+03
    0.49530E-03    0.25210E+03
    0.50531E-03    0.25693E+03
    0.51552E-03    0.26185E+03
    0.52593E-03    0.26687E+03
    0.53656E-03    0.27198E+03
    0.54739E-03    0.27718E+03
    0.55845E-03    0.28248E+03
    0.56973E-03    0.28789E+03
    0.58124E-03    0.29339E+03
    0.59299E-03    0.29899E+03
    0.60496E-03    0.30470E+03
    0.61719E-03    0.31051E+03
    0.62965E-03    0.31643E+03
    0.64237E-03    0.32246E+03
    0.65535E-03    0.32860E+03
    0.66859E-03    0.33485E+03
    0.68210E-03    0.34121E+03
    0.69588E-03    0.34770E+03
    0.70993E-03    0.35430E+03
    0.72427E-03    0.36102E+03
    0.73891E-03    0.36786E+03
    0.75383E-03    0.37483E+03
    0.76906E-03    0.38192E+03
    0.78460E-03    0.38914E+03
    0.80045E-03    0.39650E+03
    0.81662E-03    0.40398E+03
    0.83311E-03    0.41160E+03
    0.84994E-03    0.41935E+03
    0.86711E-03    0.42724E+03
    0.88463E-03    0.43527E+03
    0.90250E-03    0.44344E+03
    0.92073E-03    0.45176E+03
    0.93933E-03    0.46022E+03
    0.95831E-03    0.46884E+03
    0.97767E-03    0.47760E+03
    0.99742E-03    0.48651E+03
    0.10176E-02    0.49558E+03
    0.10381E-02    0.50481E+03
    0.10591E-02    0.51420E+03
    0.10805E-02    0.52374E+03
    0.11023E-02    0.53345E+03
    0.11246E-02    0.54333E+03
    0.11473E-02    0.55337E+03
    0.11705E-02    0.56358E+03
    0.11941E-02    0.57397E+03
    0.12182E-02    0.58453E+03
    0.12429E-02    0.59526E+03
    0.12680E-02    0.60618E+03
    0.12936E-02    0.61727E+03
    0.13197E-02    0.62855E+03
    0.13464E-02    0.64001E+03
    0.13736E-02    0.65166E+03
    0.14013E-02    0.66349E+03
    0.14296E-02    0.67552E+03
    0.14585E-02    0.68774E+03
    0.14880E-02    0.70016E+03
    0.15180E-02    0.71277E+03
    0.15487E-02    0.72558E+03
    0.15800E-02    0.73860E+03
    0.16119E-02    0.75181E+03
    0.16445E-02    0.76524E+03
    0.16777E-02    0.77886E+03
    0.17116E-02    0.79270E+03
    0.17462E-02    0.80675E+03
    0.17814E-02    0.82101E+03
    0.18174E-02    0.83548E+03
    0.18541E-02    0.85016E+03
    0.18916E-02    0.86507E+03
    0.19298E-02    0.88019E+03
    0.19688E-02    0.89553E+03
    0.20086E-02    0.91109E+03
    0.20491E-02    0.92687E+03
    0.20905E-02    0.94288E+03
    0.21328E-02    0.95911E+03
    0.21758E-02    0.97556E+03
    0.22198E-02    0.99224E+03
    0.22646E-02    0.10091E+04
    0.23104E-02    0.10263E+04
    0.23571E-02    0.10436E+04
    0.24047E-02    0.10612E+04
    0.24533E-02    0.10790E+04
    0.25028E-02    0.10971E+04
    0.25534E-02    0.11153E+04
    0.26050E-02    0.11338E+04
    0.26576E-02    0.11526E+04
    0.27113E-02    0.11715E+04
    0.27660E-02    0.11907E+04
    0.28219E-02    0.12101E+04
    0.28789E-02    0.12297E+04
    0.29371E-02    0.12496E+04
    0.29964E-02    0.12696E+04
    0.30569E-02    0.12899E+04
    0.31187E-02    0.13104E+04
    0.31817E-02    0.13311E+04
    0.32460E-02    0.13521E+04
    0.33115E-02    0.13732E+04
    0.33784E-02    0.13946E+04
    0.34467E-02    0.14161E+04
    0.35163E-02    0.14379E+04
    0.35874E-02    0.14598E+04
    0.36598E-02    0.14820E+04
    0.37338E-02    0.15043E+04
    0.38092E-02    0.15269E+04
    0.38861E-02    0.15496E+04
    0.39646E-02    0.15724E+04
    0.40447E-02    0.15955E+04
    0.41264E-02    0.16187E+04
    0.42098E-02    0.16421E+04
    0.42948E-02    0.16657E+04
    0.43816E-02    0.16894E+04
    0.44701E-02    0.17132E+04
    0.45604E-02    0.17372E+04
    0.46525E-02    0.17612E+04
    0.47465E-02    0.17853E+04
    0.48424E-02    0.18095E+04
    0.49402E-02    0.18338E+04
    0.50400E-02    0.18582E+04
    0.51419E-02    0.18827E+04
    0.52457E-02    0.19073E+04
    0.53517E-02    0.19320E+04
    0.54598E-02    0.19568E+04
    0.55701E-02    0.19816E+04
    0.56826E-02    0.20064E+04
    0.57974E-02    0.20312E+04
    0.59145E-02    0.20561E+04
    0.60340E-02    0.20809E+04
    0.61559E-02    0.21056E+04
    0.62803E-02    0.21304E+04
    0.64072E-02    0.21550E+04
    0.65366E-02    0.21797E+04
    0.66686E-02    0.22042E+04
    0.68033E-02    0.22286E+04
    0.69408E-02    0.22529E+04
    0.70810E-02    0.22771E+04
    0.72240E-02    0.23011E+04
    0.73700E-02    0.23249E+04
    0.75189E-02    0.23485E+04
    0.76708E-02    0.23719E+04
    0.78257E-02    0.23951E+04
    0.79838E-02    0.24181E+04
    0.81451E-02    0.24407E+04
    0.83096E-02    0.24631E+04
    0.84775E-02    0.24851E+04
    0.86488E-02    0.25068E+04
    0.88235E-02    0.25281E+04
    0.90017E-02    0.25490E+04
    0.91836E-02    0.25695E+04
    0.93691E-02    0.25896E+04
    0.95583E-02    0.26091E+04
    0.97514E-02    0.26282E+04
    0.99484E-02    0.26468E+04
    0.10149E-01    0.26648E+04
    0.10354E-01    0.26822E+04
    0.10564E-01    0.26990E+04
    0.10777E-01    0.27152E+04
    0.10995E-01    0.27307E+04
    0.11217E-01    0.27455E+04
    0.11443E-01    0.27596E+04
    0.11675E-01    0.27729E+04
    0.11910E-01    0.27854E+04
    0.12151E-01    0.27971E+04
    0.12397E-01    0.28080E+04
    0.12647E-01    0.28180E+04
    0.12902E-01    0.28272E+04
    0.13163E-01    0.28354E+04
    0.13429E-01    0.28425E+04
    0.13700E-01    0.28484E+04
    0.13977E-01    0.28532E+04
    0.14259E-01    0.28567E+04
    0.14547E-01    0.28594E+04
    0.14841E-01    0.28612E+04
    0.15141E-01    0.28625E+04
    0.15447E-01    0.28632E+04
    0.15759E-01    0.28633E+04
    0.16077E-01    0.28624E+04
    0.16402E-01    0.28602E+04
    0.16734E-01    0.28563E+04
    0.17072E-01    0.28504E+04
    0.17416E-01    0.28427E+04
    0.17768E-01    0.28333E+04
    0.18127E-01    0.28225E+04
    0.18493E-01    0.28104E+04
    0.18867E-01    0.27972E+04
    0.19248E-01    0.27827E+04
    0.19637E-01    0.27669E+04
    0.20034E-01    0.27494E+04
    0.20438E-01    0.27302E+04
    0.20851E-01    0.27089E+04
    0.21272E-01    0.26859E+04
    0.21702E-01    0.26613E+04
    0.22141E-01    0.26355E+04
    0.22588E-01    0.26086E+04
    0.23044E-01    0.25808E+04
    0.23510E-01    0.25522E+04
    0.23985E-01    0.25227E+04
    0.24469E-01    0.24924E+04
    0.24964E-01    0.24613E+04
    0.25468E-01    0.24293E+04
    0.25982E-01    0.23964E+04
    0.26507E-01    0.23625E+04
    0.27043E-01    0.23278E+04
    0.27589E-01    0.22921E+04
    0.28146E-01    0.22554E+04
    0.28715E-01    0.22179E+04
    0.29295E-01    0.21797E+04
    0.29887E-01    0.21409E+04
    0.30490E-01    0.21017E+04
    0.31106E-01    0.20621E+04
    0.31735E-01    0.20223E+04
    0.32376E-01    0.19825E+04
    0.33030E-01    0.19428E+04
    0.33697E-01    0.19034E+04
    0.34378E-01    0.18644E+04
    0.35072E-01    0.18259E+04
    0.35781E-01    0.17880E+04
    0.36504E-01    0.17506E+04
    0.37241E-01    0.17140E+04
    0.37993E-01    0.16782E+04
    0.38761E-01    0.16432E+04
    0.39544E-01    0.16091E+04
    0.40343E-01    0.15760E+04
    0.41158E-01    0.15438E+04
    0.41989E-01    0.15127E+04
    0.42838E-01    0.14828E+04
    0.43703E-01    0.14541E+04
    0.44586E-01    0.14269E+04
    0.45486E-01    0.14010E+04
    0.46405E-01    0.13766E+04
    0.47343E-01    0.13535E+04
    0.48299E-01    0.13316E+04
    0.49275E-01    0.13108E+04
    0.50270E-01    0.12909E+04
    0.51286E-01    0.12720E+04
    0.52322E-01    0.12539E+04
    0.53379E-01    0.12365E+04
    0.54457E-01    0.12198E+04
    0.55557E-01    0.12035E+04
    0.56680E-01    0.11875E+04
    0.57825E-01    0.11715E+04
    0.58993E-01    0.11555E+04
    0.60184E-01    0.11393E+04
    0.61400E-01    0.11227E+04
    0.62641E-01    0.11057E+04
    0.63906E-01    0.10878E+04
    0.65197E-01    0.10690E+04
    0.66514E-01    0.10489E+04
    0.67858E-01    0.10278E+04
    0.69229E-01    0.10060E+04
    0.70627E-01    0.98356E+03
    0.72054E-01    0.96031E+03
    0.73510E-01    0.93562E+03
    0.74994E-01    0.90910E+03
    0.76509E-01    0.88112E+03
    0.78055E-01    0.85227E+03
    0.79632E-01    0.82300E+03
    0.81241E-01    0.79354E+03
    0.82882E-01    0.76404E+03
    0.84556E-01    0.73478E+03
    0.86264E-01    0.70611E+03
    0.88007E-01    0.67832E+03
    0.89785E-01    0.65174E+03
    0.91598E-01    0.62662E+03
    0.93449E-01    0.60319E+03
    0.95337E-01    0.58163E+03
    0.97263E-01    0.56210E+03
    0.99227E-01    0.54464E+03
    0.10123E+00    0.52920E+03
    0.10328E+00    0.51571E+03
    0.10536E+00    0.50395E+03
    0.10749E+00    0.49369E+03
    0.10966E+00    0.48462E+03
    0.11188E+00    0.47638E+03
    0.11414E+00    0.46862E+03
    0.11644E+00    0.46092E+03
    0.11880E+00    0.45290E+03
    0.12120E+00    0.44419E+03
    0.12365E+00    0.43450E+03
    0.12614E+00    0.42361E+03
    0.12869E+00    0.41145E+03
    0.13129E+00    0.39805E+03
    0.13394E+00    0.38356E+03
    0.13665E+00    0.36824E+03
    0.13941E+00    0.35241E+03
    0.14223E+00    0.33643E+03
    0.14510E+00    0.32072E+03
    0.14803E+00    0.30574E+03
    0.15102E+00    0.29188E+03
    0.15407E+00    0.27949E+03
    0.15718E+00    0.26875E+03
    0.16036E+00    0.25968E+03
    0.16360E+00    0.25209E+03
    0.16690E+00    0.24573E+03
    0.17028E+00    0.24026E+03
    0.17371E+00    0.23532E+03
    0.17722E+00    0.23052E+03
    0.18080E+00    0.22544E+03
    0.18446E+00    0.21971E+03
    0.18818E+00    0.21310E+03
    0.19198E+00    0.20558E+03
    0.19586E+00    0.19732E+03
    0.19982E+00    0.18863E+03
    0.20386E+00    0.17989E+03
    0.20797E+00    0.17143E+03
    0.21218E+00    0.16361E+03
    0.21646E+00    0.15668E+03
    0.22083E+00    0.15076E+03
    0.22530E+00    0.14580E+03
    0.22985E+00    0.14162E+03
    0.23449E+00    0.13791E+03
    0.23923E+00    0.13432E+03
    0.24406E+00    0.13056E+03
    0.24899E+00    0.12640E+03
    0.25402E+00    0.12178E+03
    0.25915E+00    0.11681E+03
    0.26439E+00    0.11170E+03
    0.26973E+00    0.10671E+03
    0.27518E+00    0.10208E+03
    0.28074E+00    0.97972E+02
    0.28641E+00    0.94418E+02
    0.29219E+00    0.91317E+02
    0.29810E+00    0.88477E+02
    0.30412E+00    0.85690E+02
    0.31026E+00    0.82797E+02
    0.31653E+00    0.79726E+02
    0.32292E+00    0.76516E+02
    0.32945E+00    0.73305E+02
    0.33610E+00    0.70250E+02
    0.34289E+00    0.67447E+02
    0.34982E+00    0.64925E+02
    0.35689E+00    0.62639E+02
    0.36409E+00    0.60480E+02
    0.37145E+00    0.58335E+02
    0.37895E+00    0.56154E+02
    0.38661E+00    0.53946E+02
    0.39442E+00    0.51774E+02
    0.40239E+00    0.49714E+02
    0.41052E+00    0.47801E+02
    0.41881E+00    0.46028E+02
    0.42727E+00    0.44349E+02
    0.43590E+00    0.42710E+02
    0.44471E+00    0.41086E+02
    0.45369E+00    0.39485E+02
    0.46286E+00    0.37941E+02
    0.47221E+00    0.36479E+02
    0.48174E+00    0.35101E+02
    0.49148E+00    0.33789E+02
    0.50141E+00    0.32517E+02
    0.51153E+00    0.31277E+02
    0.52187E+00    0.30074E+02
    0.53241E+00    0.28921E+02
    0.54317E+00    0.27823E+02
    0.55414E+00    0.26772E+02
    0.56533E+00    0.25759E+02
    0.57675E+00    0.24784E+02
    0.58840E+00    0.23845E+02
    0.60029E+00    0.22943E+02
    0.61242E+00    0.22077E+02
    0.62479E+00    0.21245E+02
    0.63741E+00    0.20446E+02
    0.65029E+00    0.19679E+02
    0.66342E+00    0.18942E+02
    0.67683E+00    0.18234E+02
    0.69050E+00    0.17554E+02
    0.70445E+00    0.16901E+02
    0.71868E+00    0.16273E+02
    0.73320E+00    0.15670E+02
    0.74801E+00    0.15091E+02
    0.76312E+00    0.14535E+02
    0.77854E+00    0.14000E+02
    0.79426E+00    0.13487E+02
    0.81031E+00    0.12994E+02
    0.82668E+00    0.12521E+02
    0.84338E+00    0.12066E+02
    0.86041E+00    0.11629E+02
    0.87780E+00    0.11210E+02
    0.89553E+00    0.10807E+02
    0.91362E+00    0.10420E+02
    0.93208E+00    0.10048E+02
    0.95091E+00    0.96909E+01
    0.97011E+00    0.93479E+01
    0.98971E+00    0.90184E+01
    0.10097E+01    0.87018E+01
    0.10301E+01    0.83977E+01
    0.10509E+01    0.81055E+01
    0.10721E+01    0.78247E+01
    0.10938E+01    0.75549E+01
    0.11159E+01    0.72955E+01
    0.11384E+01    0.70463E+01
    0.11614E+01    0.68068E+01
    0.11849E+01    0.65765E+01
    0.12088E+01    0.63551E+01
    0.12333E+01    0.61423E+01
    0.12582E+01    0.59376E+01
    0.12836E+01    0.57408E+01
    0.13095E+01    0.55515E+01
    0.13360E+01    0.53695E+01
    0.13630E+01    0.51944E+01
    0.13905E+01    0.50259E+01
    0.14186E+01    0.48638E+01
    0.14472E+01    0.47078E+01
    0.14765E+01    0.45576E+01
    0.15063E+01    0.44130E+01
    0.15367E+01    0.42737E+01
    0.15678E+01    0.41395E+01
    0.15994E+01    0.40103E+01
    0.16318E+01    0.38858E+01
    0.16647E+01    0.37658E+01
    0.16984E+01    0.36501E+01
    0.17327E+01    0.35386E+01
    0.17677E+01    0.34312E+01
    0.18034E+01    0.33277E+01
    0.18398E+01    0.32279E+01
    0.18770E+01    0.31316E+01
    0.19149E+01    0.30389E+01
    0.19536E+01    0.29495E+01
    0.19930E+01    0.28633E+01
    0.20333E+01    0.27801E+01
    0.20744E+01    0.26998E+01
    0.21163E+01    0.26223E+01
    0.21590E+01    0.25473E+01
    0.22026E+01    0.24747E+01
    0.22471E+01    0.24044E+01
    0.22925E+01    0.23363E+01
    0.23388E+01    0.22702E+01
    0.23861E+01    0.22061E+01
