    0.10000E-03    0.81839E+02
    0.10202E-03    0.83425E+02
    0.10408E-03    0.85041E+02
    0.10618E-03    0.86689E+02
    0.10833E-03    0.88368E+02
    0.11052E-03    0.90080E+02
    0.11275E-03    0.91826E+02
    0.11503E-03    0.93605E+02
    0.11735E-03    0.95418E+02
    0.11972E-03    0.97266E+02
    0.12214E-03    0.99151E+02
    0.12461E-03    0.10107E+03
    0.12712E-03    0.10303E+03
    0.12969E-03    0.10502E+03
    0.13231E-03    0.10706E+03
    0.13499E-03    0.10913E+03
    0.13771E-03    0.11125E+03
    0.14049E-03    0.11340E+03
    0.14333E-03    0.11560E+03
    0.14623E-03    0.11784E+03
    0.14918E-03    0.12012E+03
    0.15220E-03    0.12244E+03
    0.15527E-03    0.12481E+03
    0.15841E-03    0.12723E+03
    0.16161E-03    0.12969E+03
    0.16487E-03    0.13221E+03
    0.16820E-03    0.13476E+03
    0.17160E-03    0.13737E+03
    0.17507E-03    0.14003E+03
    0.17860E-03    0.14274E+03
    0.18221E-03    0.14551E+03
    0.18589E-03    0.14832E+03
    0.18965E-03    0.15119E+03
    0.19348E-03    0.15412E+03
    0.19739E-03    0.15710E+03
    0.20138E-03    0.16014E+03
    0.20544E-03    0.16324E+03
    0.20959E-03    0.16640E+03
    0.21383E-03    0.16961E+03
    0.21815E-03    0.17289E+03
    0.22255E-03    0.17624E+03
    0.22705E-03    0.17965E+03
    0.23164E-03    0.18312E+03
    0.23632E-03    0.18666E+03
    0.24109E-03    0.19027E+03
    0.24596E-03    0.19395E+03
    0.25093E-03    0.19770E+03
    0.25600E-03    0.20152E+03
    0.26117E-03    0.20541E+03
    0.26645E-03    0.20938E+03
    0.27183E-03    0.21342E+03
    0.27732E-03    0.21755E+03
    0.28292E-03    0.22175E+03
    0.28864E-03    0.22603E+03
    0.29447E-03    0.23039E+03
    0.30042E-03    0.23484E+03
    0.30649E-03    0.23937E+03
    0.31268E-03    0.24399E+03
    0.31899E-03    0.24870E+03
    0.32544E-03    0.25350E+03
    0.33201E-03    0.25838E+03
    0.33872E-03    0.26337E+03
    0.34556E-03    0.26844E+03
    0.35254E-03    0.27362E+03
    0.35966E-03    0.27889E+03
    0.36693E-03    0.28426E+03
    0.37434E-03    0.28974E+03
    0.38190E-03    0.29532E+03
    0.38962E-03    0.30100E+03
    0.39749E-03    0.30679E+03
    0.40552E-03    0.31270E+03
    0.41371E-03    0.31871E+03
    0.42207E-03    0.32484E+03
    0.43060E-03    0.33108E+03
    0.43929E-03    0.33744E+03
    0.44817E-03    0.34392E+03
    0.45722E-03    0.35053E+03
    0.46646E-03    0.35725E+03
    0.47588E-03    0.36411E+03
    0.48550E-03    0.37109E+03
    0.49530E-03    0.37821E+03
    0.50531E-03    0.38545E+03
    0.51552E-03    0.39284E+03
    0.52593E-03    0.40036E+03
    0.53656E-03    0.40802E+03
    0.54739E-03    0.41582E+03
    0.55845E-03    0.42377E+03
    0.56973E-03    0.43187E+03
    0.58124E-03    0.44012E+03
    0.59299E-03    0.44852E+03
    0.60496E-03    0.45707E+03
    0.61719E-03    0.46578E+03
    0.62965E-03    0.47466E+03
    0.64237E-03    0.48369E+03
    0.65535E-03    0.49290E+03
    0.66859E-03    0.50227E+03
    0.68210E-03    0.51181E+03
    0.69588E-03    0.52153E+03
    0.70993E-03    0.53142E+03
    0.72427E-03    0.54150E+03
    0.73891E-03    0.55175E+03
    0.75383E-03    0.56219E+03
    0.76906E-03    0.57283E+03
    0.78460E-03    0.58365E+03
    0.80045E-03    0.59466E+03
    0.81662E-03    0.60588E+03
    0.83311E-03    0.61729E+03
    0.84994E-03    0.62891E+03
    0.86711E-03    0.64073E+03
    0.88463E-03    0.65277E+03
    0.90250E-03    0.66501E+03
    0.92073E-03    0.67747E+03
    0.93933E-03    0.69016E+03
    0.95831E-03    0.70306E+03
    0.97767E-03    0.71619E+03
    0.99742E-03    0.72954E+03
    0.10176E-02    0.74313E+03
    0.10381E-02    0.75695E+03
    0.10591E-02    0.77102E+03
    0.10805E-02    0.78532E+03
    0.11023E-02    0.79987E+03
    0.11246E-02    0.81466E+03
    0.11473E-02    0.82971E+03
    0.11705E-02    0.84501E+03
    0.11941E-02    0.86056E+03
    0.12182E-02    0.87638E+03
    0.12429E-02    0.89247E+03
    0.12680E-02    0.90882E+03
    0.12936E-02    0.92544E+03
    0.13197E-02    0.94233E+03
    0.13464E-02    0.95950E+03
    0.13736E-02    0.97695E+03
    0.14013E-02    0.99469E+03
    0.14296E-02    0.10127E+04
    0.14585E-02    0.10310E+04
    0.14880E-02    0.10496E+04
    0.15180E-02    0.10685E+04
    0.15487E-02    0.10877E+04
    0.15800E-02    0.11072E+04
    0.16119E-02    0.11270E+04
    0.16445E-02    0.11471E+04
    0.16777E-02    0.11676E+04
    0.17116E-02    0.11883E+04
    0.17462E-02    0.12093E+04
    0.17814E-02    0.12307E+04
    0.18174E-02    0.12524E+04
    0.18541E-02    0.12744E+04
    0.18916E-02    0.12967E+04
    0.19298E-02    0.13194E+04
    0.19688E-02    0.13424E+04
    0.20086E-02    0.13657E+04
    0.20491E-02    0.13893E+04
    0.20905E-02    0.14133E+04
    0.21328E-02    0.14376E+04
    0.21758E-02    0.14623E+04
    0.22198E-02    0.14873E+04
    0.22646E-02    0.15126E+04
    0.23104E-02    0.15383E+04
    0.23571E-02    0.15643E+04
    0.24047E-02    0.15907E+04
    0.24533E-02    0.16174E+04
    0.25028E-02    0.16444E+04
    0.25534E-02    0.16718E+04
    0.26050E-02    0.16995E+04
    0.26576E-02    0.17275E+04
    0.27113E-02    0.17559E+04
    0.27660E-02    0.17847E+04
    0.28219E-02    0.18137E+04
    0.28789E-02    0.18432E+04
    0.29371E-02    0.18729E+04
    0.29964E-02    0.19030E+04
    0.30569E-02    0.19334E+04
    0.31187E-02    0.19641E+04
    0.31817E-02    0.19951E+04
    0.32460E-02    0.20265E+04
    0.33115E-02    0.20582E+04
    0.33784E-02    0.20902E+04
    0.34467E-02    0.21225E+04
    0.35163E-02    0.21551E+04
    0.35874E-02    0.21880E+04
    0.36598E-02    0.22212E+04
    0.37338E-02    0.22547E+04
    0.38092E-02    0.22885E+04
    0.38861E-02    0.23225E+04
    0.39646E-02    0.23568E+04
    0.40447E-02    0.23913E+04
    0.41264E-02    0.24261E+04
    0.42098E-02    0.24612E+04
    0.42948E-02    0.24965E+04
    0.43816E-02    0.25321E+04
    0.44701E-02    0.25678E+04
    0.45604E-02    0.26037E+04
    0.46525E-02    0.26396E+04
    0.47465E-02    0.26757E+04
    0.48424E-02    0.27119E+04
    0.49402E-02    0.27482E+04
    0.50400E-02    0.27846E+04
    0.51419E-02    0.28213E+04
    0.52457E-02    0.28581E+04
    0.53517E-02    0.28951E+04
    0.54598E-02    0.29322E+04
    0.55701E-02    0.29694E+04
    0.56826E-02    0.30066E+04
    0.57974E-02    0.30438E+04
    0.59145E-02    0.30809E+04
    0.60340E-02    0.31181E+04
    0.61559E-02    0.31552E+04
    0.62803E-02    0.31922E+04
    0.64072E-02    0.32292E+04
    0.65366E-02    0.32661E+04
    0.66686E-02    0.33028E+04
    0.68033E-02    0.33394E+04
    0.69408E-02    0.33758E+04
    0.70810E-02    0.34120E+04
    0.72240E-02    0.34479E+04
    0.73700E-02    0.34836E+04
    0.75189E-02    0.35190E+04
    0.76708E-02    0.35541E+04
    0.78257E-02    0.35888E+04
    0.79838E-02    0.36231E+04
    0.81451E-02    0.36570E+04
    0.83096E-02    0.36905E+04
    0.84775E-02    0.37235E+04
    0.86488E-02    0.37560E+04
    0.88235E-02    0.37879E+04
    0.90017E-02    0.38192E+04
    0.91836E-02    0.38499E+04
    0.93691E-02    0.38799E+04
    0.95583E-02    0.39092E+04
    0.97514E-02    0.39378E+04
    0.99484E-02    0.39656E+04
    0.10149E-01    0.39925E+04
    0.10354E-01    0.40186E+04
    0.10564E-01    0.40438E+04
    0.10777E-01    0.40680E+04
    0.10995E-01    0.40912E+04
    0.11217E-01    0.41134E+04
    0.11443E-01    0.41344E+04
    0.11675E-01    0.41543E+04
    0.11910E-01    0.41730E+04
    0.12151E-01    0.41905E+04
    0.12397E-01    0.42068E+04
    0.12647E-01    0.42219E+04
    0.12902E-01    0.42356E+04
    0.13163E-01    0.42478E+04
    0.13429E-01    0.42584E+04
    0.13700E-01    0.42673E+04
    0.13977E-01    0.42743E+04
    0.14259E-01    0.42797E+04
    0.14547E-01    0.42836E+04
    0.14841E-01    0.42863E+04
    0.15141E-01    0.42882E+04
    0.15447E-01    0.42893E+04
    0.15759E-01    0.42894E+04
    0.16077E-01    0.42880E+04
    0.16402E-01    0.42846E+04
    0.16734E-01    0.42787E+04
    0.17072E-01    0.42699E+04
    0.17416E-01    0.42583E+04
    0.17768E-01    0.42442E+04
    0.18127E-01    0.42280E+04
    0.18493E-01    0.42098E+04
    0.18867E-01    0.41900E+04
    0.19248E-01    0.41684E+04
    0.19637E-01    0.41446E+04
    0.20034E-01    0.41184E+04
    0.20438E-01    0.40895E+04
    0.20851E-01    0.40577E+04
    0.21272E-01    0.40232E+04
    0.21702E-01    0.39864E+04
    0.22141E-01    0.39477E+04
    0.22588E-01    0.39073E+04
    0.23044E-01    0.38657E+04
    0.23510E-01    0.38228E+04
    0.23985E-01    0.37787E+04
    0.24469E-01    0.37333E+04
    0.24964E-01    0.36866E+04
    0.25468E-01    0.36387E+04
    0.25982E-01    0.35894E+04
    0.26507E-01    0.35388E+04
    0.27043E-01    0.34867E+04
    0.27589E-01    0.34332E+04
    0.28146E-01    0.33783E+04
    0.28715E-01    0.33222E+04
    0.29295E-01    0.32650E+04
    0.29887E-01    0.32069E+04
    0.30490E-01    0.31481E+04
    0.31106E-01    0.30888E+04
    0.31735E-01    0.30293E+04
    0.32376E-01    0.29697E+04
    0.33030E-01    0.29104E+04
    0.33697E-01    0.28514E+04
    0.34378E-01    0.27931E+04
    0.35072E-01    0.27354E+04
    0.35781E-01    0.26786E+04
    0.36504E-01    0.26228E+04
    0.37241E-01    0.25680E+04
    0.37993E-01    0.25144E+04
    0.38761E-01    0.24621E+04
    0.39544E-01    0.24111E+04
    0.40343E-01    0.23615E+04
    0.41158E-01    0.23134E+04
    0.41989E-01    0.22669E+04
    0.42838E-01    0.22222E+04
    0.43703E-01    0.21793E+04
    0.44586E-01    0.21385E+04
    0.45486E-01    0.20999E+04
    0.46405E-01    0.20634E+04
    0.47343E-01    0.20289E+04
    0.48299E-01    0.19961E+04
    0.49275E-01    0.19650E+04
    0.50270E-01    0.19354E+04
    0.51286E-01    0.19071E+04
    0.52322E-01    0.18801E+04
    0.53379E-01    0.18541E+04
    0.54457E-01    0.18291E+04
    0.55557E-01    0.18048E+04
    0.56680E-01    0.17808E+04
    0.57825E-01    0.17570E+04
    0.58993E-01    0.17331E+04
    0.60184E-01    0.17089E+04
    0.61400E-01    0.16841E+04
    0.62641E-01    0.16586E+04
    0.63906E-01    0.16320E+04
    0.65197E-01    0.16038E+04
    0.66514E-01    0.15739E+04
    0.67858E-01    0.15424E+04
    0.69229E-01    0.15097E+04
    0.70627E-01    0.14762E+04
    0.72054E-01    0.14415E+04
    0.73510E-01    0.14047E+04
    0.74994E-01    0.13651E+04
    0.76509E-01    0.13233E+04
    0.78055E-01    0.12802E+04
    0.79632E-01    0.12365E+04
    0.81241E-01    0.11926E+04
    0.82882E-01    0.11486E+04
    0.84556E-01    0.11049E+04
    0.86264E-01    0.10621E+04
    0.88007E-01    0.10207E+04
    0.89785E-01    0.98102E+03
    0.91598E-01    0.94355E+03
    0.93449E-01    0.90860E+03
    0.95337E-01    0.87644E+03
    0.97263E-01    0.84731E+03
    0.99227E-01    0.82126E+03
    0.10123E+00    0.79823E+03
    0.10328E+00    0.77809E+03
    0.10536E+00    0.76054E+03
    0.10749E+00    0.74521E+03
    0.10966E+00    0.73166E+03
    0.11188E+00    0.71935E+03
    0.11414E+00    0.70773E+03
    0.11644E+00    0.69621E+03
    0.11880E+00    0.68421E+03
    0.12120E+00    0.67119E+03
    0.12365E+00    0.65669E+03
    0.12614E+00    0.64043E+03
    0.12869E+00    0.62226E+03
    0.13129E+00    0.60226E+03
    0.13394E+00    0.58064E+03
    0.13665E+00    0.55779E+03
    0.13941E+00    0.53417E+03
    0.14223E+00    0.51035E+03
    0.14510E+00    0.48693E+03
    0.14803E+00    0.46459E+03
    0.15102E+00    0.44392E+03
    0.15407E+00    0.42544E+03
    0.15718E+00    0.40941E+03
    0.16036E+00    0.39585E+03
    0.16360E+00    0.38450E+03
    0.16690E+00    0.37497E+03
    0.17028E+00    0.36677E+03
    0.17371E+00    0.35934E+03
    0.17722E+00    0.35212E+03
    0.18080E+00    0.34448E+03
    0.18446E+00    0.33589E+03
    0.18818E+00    0.32599E+03
    0.19198E+00    0.31474E+03
    0.19586E+00    0.30240E+03
    0.19982E+00    0.28943E+03
    0.20386E+00    0.27637E+03
    0.20797E+00    0.26376E+03
    0.21218E+00    0.25208E+03
    0.21646E+00    0.24171E+03
    0.22083E+00    0.23285E+03
    0.22530E+00    0.22541E+03
    0.22985E+00    0.21912E+03
    0.23449E+00    0.21352E+03
    0.23923E+00    0.20812E+03
    0.24406E+00    0.20245E+03
    0.24899E+00    0.19619E+03
    0.25402E+00    0.18926E+03
    0.25915E+00    0.18181E+03
    0.26439E+00    0.17416E+03
    0.26973E+00    0.16670E+03
    0.27518E+00    0.15976E+03
    0.28074E+00    0.15359E+03
    0.28641E+00    0.14824E+03
    0.29219E+00    0.14356E+03
    0.29810E+00    0.13927E+03
    0.30412E+00    0.13505E+03
    0.31026E+00    0.13068E+03
    0.31653E+00    0.12605E+03
    0.32292E+00    0.12122E+03
    0.32945E+00    0.11639E+03
    0.33610E+00    0.11179E+03
    0.34289E+00    0.10756E+03
    0.34982E+00    0.10375E+03
    0.35689E+00    0.10028E+03
    0.36409E+00    0.97007E+02
    0.37145E+00    0.93752E+02
    0.37895E+00    0.90445E+02
    0.38661E+00    0.87101E+02
    0.39442E+00    0.83812E+02
    0.40239E+00    0.80687E+02
    0.41052E+00    0.77780E+02
    0.41881E+00    0.75080E+02
    0.42727E+00    0.72518E+02
    0.43590E+00    0.70016E+02
    0.44471E+00    0.67538E+02
    0.45369E+00    0.65095E+02
    0.46286E+00    0.62737E+02
    0.47221E+00    0.60501E+02
    0.48174E+00    0.58388E+02
    0.49148E+00    0.56373E+02
    0.50141E+00    0.54418E+02
    0.51153E+00    0.52511E+02
    0.52187E+00    0.50658E+02
    0.53241E+00    0.48881E+02
    0.54317E+00    0.47186E+02
    0.55414E+00    0.45559E+02
    0.56533E+00    0.43989E+02
    0.57675E+00    0.42476E+02
    0.58840E+00    0.41017E+02
    0.60029E+00    0.39613E+02
    0.61242E+00    0.38262E+02
    0.62479E+00    0.36962E+02
    0.63741E+00    0.35711E+02
    0.65029E+00    0.34507E+02
    0.66342E+00    0.33348E+02
    0.67683E+00    0.32233E+02
    0.69050E+00    0.31159E+02
    0.70445E+00    0.30126E+02
    0.71868E+00    0.29130E+02
    0.73320E+00    0.28172E+02
    0.74801E+00    0.27249E+02
    0.76312E+00    0.26360E+02
    0.77854E+00    0.25504E+02
    0.79426E+00    0.24680E+02
    0.81031E+00    0.23886E+02
    0.82668E+00    0.23121E+02
    0.84338E+00    0.22384E+02
    0.86041E+00    0.21674E+02
    0.87780E+00    0.20990E+02
    0.89553E+00    0.20331E+02
    0.91362E+00    0.19696E+02
    0.93208E+00    0.19084E+02
    0.95091E+00    0.18494E+02
    0.97011E+00    0.17925E+02
    0.98971E+00    0.17377E+02
    0.10097E+01    0.16848E+02
    0.10301E+01    0.16338E+02
    0.10509E+01    0.15846E+02
    0.10721E+01    0.15371E+02
    0.10938E+01    0.14913E+02
    0.11159E+01    0.14471E+02
    0.11384E+01    0.14045E+02
    0.11614E+01    0.13633E+02
    0.11849E+01    0.13235E+02
    0.12088E+01    0.12851E+02
    0.12333E+01    0.12480E+02
    0.12582E+01    0.12122E+02
    0.12836E+01    0.11775E+02
    0.13095E+01    0.11441E+02
    0.13360E+01    0.11117E+02
    0.13630E+01    0.10804E+02
    0.13905E+01    0.10501E+02
    0.14186E+01    0.10209E+02
    0.14472E+01    0.99254E+01
    0.14765E+01    0.96513E+01
    0.15063E+01    0.93859E+01
    0.15367E+01    0.91290E+01
    0.15678E+01    0.88802E+01
    0.15994E+01    0.86391E+01
    0.16318E+01    0.84056E+01
    0.16647E+01    0.81793E+01
    0.16984E+01    0.79599E+01
    0.17327E+01    0.77471E+01
    0.17677E+01    0.75409E+01
    0.18034E+01    0.73408E+01
    0.18398E+01    0.71466E+01
    0.18770E+01    0.69583E+01
    0.19149E+01    0.67755E+01
    0.19536E+01    0.65980E+01
    0.19930E+01    0.64257E+01
    0.20333E+01    0.62583E+01
    0.20744E+01    0.60957E+01
    0.21163E+01    0.59376E+01
    0.21590E+01    0.57840E+01
    0.22026E+01    0.56345E+01
    0.22471E+01    0.54892E+01
    0.22925E+01    0.53477E+01
    0.23388E+01    0.52099E+01
    0.23861E+01    0.50758E+01
