    0.10000E-03    0.18972E+03
    0.10202E-03    0.19340E+03
    0.10408E-03    0.19715E+03
    0.10618E-03    0.20096E+03
    0.10833E-03    0.20486E+03
    0.11052E-03    0.20883E+03
    0.11275E-03    0.21287E+03
    0.11503E-03    0.21700E+03
    0.11735E-03    0.22120E+03
    0.11972E-03    0.22548E+03
    0.12214E-03    0.22985E+03
    0.12461E-03    0.23430E+03
    0.12712E-03    0.23884E+03
    0.12969E-03    0.24347E+03
    0.13231E-03    0.24818E+03
    0.13499E-03    0.25299E+03
    0.13771E-03    0.25789E+03
    0.14049E-03    0.26288E+03
    0.14333E-03    0.26797E+03
    0.14623E-03    0.27316E+03
    0.14918E-03    0.27845E+03
    0.15220E-03    0.28384E+03
    0.15527E-03    0.28934E+03
    0.15841E-03    0.29494E+03
    0.16161E-03    0.30065E+03
    0.16487E-03    0.30647E+03
    0.16820E-03    0.31240E+03
    0.17160E-03    0.31845E+03
    0.17507E-03    0.32461E+03
    0.17860E-03    0.33089E+03
    0.18221E-03    0.33730E+03
    0.18589E-03    0.34382E+03
    0.18965E-03    0.35048E+03
    0.19348E-03    0.35726E+03
    0.19739E-03    0.36417E+03
    0.20138E-03    0.37121E+03
    0.20544E-03    0.37839E+03
    0.20959E-03    0.38571E+03
    0.21383E-03    0.39317E+03
    0.21815E-03    0.40077E+03
    0.22255E-03    0.40852E+03
    0.22705E-03    0.41642E+03
    0.23164E-03    0.42447E+03
    0.23632E-03    0.43267E+03
    0.24109E-03    0.44104E+03
    0.24596E-03    0.44956E+03
    0.25093E-03    0.45825E+03
    0.25600E-03    0.46710E+03
    0.26117E-03    0.47612E+03
    0.26645E-03    0.48532E+03
    0.27183E-03    0.49469E+03
    0.27732E-03    0.50424E+03
    0.28292E-03    0.51397E+03
    0.28864E-03    0.52390E+03
    0.29447E-03    0.53401E+03
    0.30042E-03    0.54431E+03
    0.30649E-03    0.55481E+03
    0.31268E-03    0.56551E+03
    0.31899E-03    0.57642E+03
    0.32544E-03    0.58753E+03
    0.33201E-03    0.59885E+03
    0.33872E-03    0.61040E+03
    0.34556E-03    0.62216E+03
    0.35254E-03    0.63414E+03
    0.35966E-03    0.64635E+03
    0.36693E-03    0.65880E+03
    0.37434E-03    0.67148E+03
    0.38190E-03    0.68440E+03
    0.38962E-03    0.69756E+03
    0.39749E-03    0.71098E+03
    0.40552E-03    0.72465E+03
    0.41371E-03    0.73857E+03
    0.42207E-03    0.75276E+03
    0.43060E-03    0.76722E+03
    0.43929E-03    0.78195E+03
    0.44817E-03    0.79696E+03
    0.45722E-03    0.81225E+03
    0.46646E-03    0.82783E+03
    0.47588E-03    0.84369E+03
    0.48550E-03    0.85986E+03
    0.49530E-03    0.87633E+03
    0.50531E-03    0.89311E+03
    0.51552E-03    0.91020E+03
    0.52593E-03    0.92761E+03
    0.53656E-03    0.94534E+03
    0.54739E-03    0.96340E+03
    0.55845E-03    0.98180E+03
    0.56973E-03    0.10005E+04
    0.58124E-03    0.10196E+04
    0.59299E-03    0.10391E+04
    0.60496E-03    0.10589E+04
    0.61719E-03    0.10790E+04
    0.62965E-03    0.10996E+04
    0.64237E-03    0.11205E+04
    0.65535E-03    0.11418E+04
    0.66859E-03    0.11634E+04
    0.68210E-03    0.11855E+04
    0.69588E-03    0.12080E+04
    0.70993E-03    0.12309E+04
    0.72427E-03    0.12542E+04
    0.73891E-03    0.12779E+04
    0.75383E-03    0.13021E+04
    0.76906E-03    0.13266E+04
    0.78460E-03    0.13517E+04
    0.80045E-03    0.13772E+04
    0.81662E-03    0.14031E+04
    0.83311E-03    0.14295E+04
    0.84994E-03    0.14564E+04
    0.86711E-03    0.14837E+04
    0.88463E-03    0.15115E+04
    0.90250E-03    0.15398E+04
    0.92073E-03    0.15687E+04
    0.93933E-03    0.15980E+04
    0.95831E-03    0.16278E+04
    0.97767E-03    0.16582E+04
    0.99742E-03    0.16891E+04
    0.10176E-02    0.17205E+04
    0.10381E-02    0.17525E+04
    0.10591E-02    0.17850E+04
    0.10805E-02    0.18181E+04
    0.11023E-02    0.18517E+04
    0.11246E-02    0.18859E+04
    0.11473E-02    0.19207E+04
    0.11705E-02    0.19561E+04
    0.11941E-02    0.19921E+04
    0.12182E-02    0.20287E+04
    0.12429E-02    0.20658E+04
    0.12680E-02    0.21037E+04
    0.12936E-02    0.21421E+04
    0.13197E-02    0.21812E+04
    0.13464E-02    0.22209E+04
    0.13736E-02    0.22613E+04
    0.14013E-02    0.23023E+04
    0.14296E-02    0.23440E+04
    0.14585E-02    0.23863E+04
    0.14880E-02    0.24293E+04
    0.15180E-02    0.24731E+04
    0.15487E-02    0.25175E+04
    0.15800E-02    0.25626E+04
    0.16119E-02    0.26084E+04
    0.16445E-02    0.26549E+04
    0.16777E-02    0.27021E+04
    0.17116E-02    0.27501E+04
    0.17462E-02    0.27988E+04
    0.17814E-02    0.28482E+04
    0.18174E-02    0.28984E+04
    0.18541E-02    0.29493E+04
    0.18916E-02    0.30009E+04
    0.19298E-02    0.30534E+04
    0.19688E-02    0.31065E+04
    0.20086E-02    0.31605E+04
    0.20491E-02    0.32152E+04
    0.20905E-02    0.32707E+04
    0.21328E-02    0.33269E+04
    0.21758E-02    0.33840E+04
    0.22198E-02    0.34418E+04
    0.22646E-02    0.35004E+04
    0.23104E-02    0.35598E+04
    0.23571E-02    0.36200E+04
    0.24047E-02    0.36809E+04
    0.24533E-02    0.37427E+04
    0.25028E-02    0.38052E+04
    0.25534E-02    0.38686E+04
    0.26050E-02    0.39327E+04
    0.26576E-02    0.39976E+04
    0.27113E-02    0.40633E+04
    0.27660E-02    0.41298E+04
    0.28219E-02    0.41970E+04
    0.28789E-02    0.42651E+04
    0.29371E-02    0.43339E+04
    0.29964E-02    0.44034E+04
    0.30569E-02    0.44738E+04
    0.31187E-02    0.45449E+04
    0.31817E-02    0.46167E+04
    0.32460E-02    0.46893E+04
    0.33115E-02    0.47626E+04
    0.33784E-02    0.48366E+04
    0.34467E-02    0.49113E+04
    0.35163E-02    0.49868E+04
    0.35874E-02    0.50630E+04
    0.36598E-02    0.51398E+04
    0.37338E-02    0.52172E+04
    0.38092E-02    0.52953E+04
    0.38861E-02    0.53740E+04
    0.39646E-02    0.54533E+04
    0.40447E-02    0.55332E+04
    0.41264E-02    0.56138E+04
    0.42098E-02    0.56950E+04
    0.42948E-02    0.57769E+04
    0.43816E-02    0.58593E+04
    0.44701E-02    0.59420E+04
    0.45604E-02    0.60249E+04
    0.46525E-02    0.61076E+04
    0.47465E-02    0.61903E+04
    0.48424E-02    0.62730E+04
    0.49402E-02    0.63559E+04
    0.50400E-02    0.64393E+04
    0.51419E-02    0.65233E+04
    0.52457E-02    0.66081E+04
    0.53517E-02    0.66935E+04
    0.54598E-02    0.67793E+04
    0.55701E-02    0.68653E+04
    0.56826E-02    0.69514E+04
    0.57974E-02    0.70374E+04
    0.59145E-02    0.71232E+04
    0.60340E-02    0.72090E+04
    0.61559E-02    0.72946E+04
    0.62803E-02    0.73800E+04
    0.64072E-02    0.74654E+04
    0.65366E-02    0.75504E+04
    0.66686E-02    0.76352E+04
    0.68033E-02    0.77197E+04
    0.69408E-02    0.78037E+04
    0.70810E-02    0.78872E+04
    0.72240E-02    0.79701E+04
    0.73700E-02    0.80525E+04
    0.75189E-02    0.81341E+04
    0.76708E-02    0.82150E+04
    0.78257E-02    0.82951E+04
    0.79838E-02    0.83743E+04
    0.81451E-02    0.84525E+04
    0.83096E-02    0.85297E+04
    0.84775E-02    0.86057E+04
    0.86488E-02    0.86806E+04
    0.88235E-02    0.87541E+04
    0.90017E-02    0.88263E+04
    0.91836E-02    0.88970E+04
    0.93691E-02    0.89662E+04
    0.95583E-02    0.90337E+04
    0.97514E-02    0.90995E+04
    0.99484E-02    0.91635E+04
    0.10149E-01    0.92256E+04
    0.10354E-01    0.92856E+04
    0.10564E-01    0.93435E+04
    0.10777E-01    0.93993E+04
    0.10995E-01    0.94526E+04
    0.11217E-01    0.95035E+04
    0.11443E-01    0.95518E+04
    0.11675E-01    0.95975E+04
    0.11910E-01    0.96405E+04
    0.12151E-01    0.96806E+04
    0.12397E-01    0.97180E+04
    0.12647E-01    0.97524E+04
    0.12902E-01    0.97837E+04
    0.13163E-01    0.98116E+04
    0.13429E-01    0.98358E+04
    0.13700E-01    0.98560E+04
    0.13977E-01    0.98720E+04
    0.14259E-01    0.98840E+04
    0.14547E-01    0.98927E+04
    0.14841E-01    0.98987E+04
    0.15141E-01    0.99026E+04
    0.15447E-01    0.99048E+04
    0.15759E-01    0.99047E+04
    0.16077E-01    0.99011E+04
    0.16402E-01    0.98929E+04
    0.16734E-01    0.98789E+04
    0.17072E-01    0.98583E+04
    0.17416E-01    0.98311E+04
    0.17768E-01    0.97982E+04
    0.18127E-01    0.97602E+04
    0.18493E-01    0.97179E+04
    0.18867E-01    0.96718E+04
    0.19248E-01    0.96215E+04
    0.19637E-01    0.95663E+04
    0.20034E-01    0.95055E+04
    0.20438E-01    0.94384E+04
    0.20851E-01    0.93646E+04
    0.21272E-01    0.92846E+04
    0.21702E-01    0.91993E+04
    0.22141E-01    0.91096E+04
    0.22588E-01    0.90162E+04
    0.23044E-01    0.89199E+04
    0.23510E-01    0.88206E+04
    0.23985E-01    0.87185E+04
    0.24469E-01    0.86135E+04
    0.24964E-01    0.85056E+04
    0.25468E-01    0.83947E+04
    0.25982E-01    0.82808E+04
    0.26507E-01    0.81638E+04
    0.27043E-01    0.80435E+04
    0.27589E-01    0.79200E+04
    0.28146E-01    0.77932E+04
    0.28715E-01    0.76636E+04
    0.29295E-01    0.75315E+04
    0.29887E-01    0.73975E+04
    0.30490E-01    0.72619E+04
    0.31106E-01    0.71252E+04
    0.31735E-01    0.69879E+04
    0.32376E-01    0.68506E+04
    0.33030E-01    0.67138E+04
    0.33697E-01    0.65780E+04
    0.34378E-01    0.64435E+04
    0.35072E-01    0.63107E+04
    0.35781E-01    0.61799E+04
    0.36504E-01    0.60513E+04
    0.37241E-01    0.59253E+04
    0.37993E-01    0.58019E+04
    0.38761E-01    0.56814E+04
    0.39544E-01    0.55641E+04
    0.40343E-01    0.54500E+04
    0.41158E-01    0.53394E+04
    0.41989E-01    0.52325E+04
    0.42838E-01    0.51296E+04
    0.43703E-01    0.50311E+04
    0.44586E-01    0.49373E+04
    0.45486E-01    0.48485E+04
    0.46405E-01    0.47646E+04
    0.47343E-01    0.46851E+04
    0.48299E-01    0.46098E+04
    0.49275E-01    0.45382E+04
    0.50270E-01    0.44701E+04
    0.51286E-01    0.44050E+04
    0.52322E-01    0.43427E+04
    0.53379E-01    0.42829E+04
    0.54457E-01    0.42253E+04
    0.55557E-01    0.41692E+04
    0.56680E-01    0.41140E+04
    0.57825E-01    0.40591E+04
    0.58993E-01    0.40039E+04
    0.60184E-01    0.39481E+04
    0.61400E-01    0.38910E+04
    0.62641E-01    0.38322E+04
    0.63906E-01    0.37709E+04
    0.65197E-01    0.37061E+04
    0.66514E-01    0.36373E+04
    0.67858E-01    0.35649E+04
    0.69229E-01    0.34899E+04
    0.70627E-01    0.34132E+04
    0.72054E-01    0.33336E+04
    0.73510E-01    0.32492E+04
    0.74994E-01    0.31587E+04
    0.76509E-01    0.30632E+04
    0.78055E-01    0.29649E+04
    0.79632E-01    0.28653E+04
    0.81241E-01    0.27651E+04
    0.82882E-01    0.26649E+04
    0.84556E-01    0.25655E+04
    0.86264E-01    0.24682E+04
    0.88007E-01    0.23739E+04
    0.89785E-01    0.22837E+04
    0.91598E-01    0.21985E+04
    0.93449E-01    0.21191E+04
    0.95337E-01    0.20459E+04
    0.97263E-01    0.19796E+04
    0.99227E-01    0.19203E+04
    0.10123E+00    0.18677E+04
    0.10328E+00    0.18217E+04
    0.10536E+00    0.17815E+04
    0.10749E+00    0.17463E+04
    0.10966E+00    0.17150E+04
    0.11188E+00    0.16865E+04
    0.11414E+00    0.16596E+04
    0.11644E+00    0.16328E+04
    0.11880E+00    0.16050E+04
    0.12120E+00    0.15749E+04
    0.12365E+00    0.15416E+04
    0.12614E+00    0.15043E+04
    0.12869E+00    0.14628E+04
    0.13129E+00    0.14173E+04
    0.13394E+00    0.13683E+04
    0.13665E+00    0.13166E+04
    0.13941E+00    0.12632E+04
    0.14223E+00    0.12095E+04
    0.14510E+00    0.11567E+04
    0.14803E+00    0.11063E+04
    0.15102E+00    0.10597E+04
    0.15407E+00    0.10180E+04
    0.15718E+00    0.98165E+03
    0.16036E+00    0.95081E+03
    0.16360E+00    0.92486E+03
    0.16690E+00    0.90294E+03
    0.17028E+00    0.88392E+03
    0.17371E+00    0.86662E+03
    0.17722E+00    0.84977E+03
    0.18080E+00    0.83203E+03
    0.18446E+00    0.81222E+03
    0.18818E+00    0.78958E+03
    0.19198E+00    0.76401E+03
    0.19586E+00    0.73612E+03
    0.19982E+00    0.70691E+03
    0.20386E+00    0.67754E+03
    0.20797E+00    0.64918E+03
    0.21218E+00    0.62288E+03
    0.21646E+00    0.59948E+03
    0.22083E+00    0.57934E+03
    0.22530E+00    0.56232E+03
    0.22985E+00    0.54778E+03
    0.23449E+00    0.53476E+03
    0.23923E+00    0.52217E+03
    0.24406E+00    0.50901E+03
    0.24899E+00    0.49461E+03
    0.25402E+00    0.47880E+03
    0.25915E+00    0.46191E+03
    0.26439E+00    0.44463E+03
    0.26973E+00    0.42776E+03
    0.27518E+00    0.41205E+03
    0.28074E+00    0.39799E+03
    0.28641E+00    0.38571E+03
    0.29219E+00    0.37486E+03
    0.29810E+00    0.36485E+03
    0.30412E+00    0.35502E+03
    0.31026E+00    0.34489E+03
    0.31653E+00    0.33422E+03
    0.32292E+00    0.32315E+03
    0.32945E+00    0.31210E+03
    0.33610E+00    0.30156E+03
    0.34289E+00    0.29182E+03
    0.34982E+00    0.28296E+03
    0.35689E+00    0.27485E+03
    0.36409E+00    0.26715E+03
    0.37145E+00    0.25950E+03
    0.37895E+00    0.25177E+03
    0.38661E+00    0.24397E+03
    0.39442E+00    0.23631E+03
    0.40239E+00    0.22901E+03
    0.41052E+00    0.22216E+03
    0.41881E+00    0.21576E+03
    0.42727E+00    0.20966E+03
    0.43590E+00    0.20369E+03
    0.44471E+00    0.19779E+03
    0.45369E+00    0.19197E+03
    0.46286E+00    0.18635E+03
    0.47221E+00    0.18098E+03
    0.48174E+00    0.17587E+03
    0.49148E+00    0.17098E+03
    0.50141E+00    0.16622E+03
    0.51153E+00    0.16157E+03
    0.52187E+00    0.15704E+03
    0.53241E+00    0.15268E+03
    0.54317E+00    0.14848E+03
    0.55414E+00    0.14444E+03
    0.56533E+00    0.14053E+03
    0.57675E+00    0.13674E+03
    0.58840E+00    0.13306E+03
    0.60029E+00    0.12951E+03
    0.61242E+00    0.12607E+03
    0.62479E+00    0.12274E+03
    0.63741E+00    0.11952E+03
    0.65029E+00    0.11640E+03
    0.66342E+00    0.11338E+03
    0.67683E+00    0.11046E+03
    0.69050E+00    0.10762E+03
    0.70445E+00    0.10487E+03
    0.71868E+00    0.10221E+03
    0.73320E+00    0.99623E+02
    0.74801E+00    0.97116E+02
    0.76312E+00    0.94684E+02
    0.77854E+00    0.92324E+02
    0.79426E+00    0.90032E+02
    0.81031E+00    0.87807E+02
    0.82668E+00    0.85646E+02
    0.84338E+00    0.83546E+02
    0.86041E+00    0.81506E+02
    0.87780E+00    0.79523E+02
    0.89553E+00    0.77595E+02
    0.91362E+00    0.75720E+02
    0.93208E+00    0.73896E+02
    0.95091E+00    0.72121E+02
    0.97011E+00    0.70394E+02
    0.98971E+00    0.68712E+02
    0.10097E+01    0.67074E+02
    0.10301E+01    0.65478E+02
    0.10509E+01    0.63923E+02
    0.10721E+01    0.62408E+02
    0.10938E+01    0.60931E+02
    0.11159E+01    0.59490E+02
    0.11384E+01    0.58085E+02
    0.11614E+01    0.56714E+02
    0.11849E+01    0.55376E+02
    0.12088E+01    0.54070E+02
    0.12333E+01    0.52794E+02
    0.12582E+01    0.51549E+02
    0.12836E+01    0.50332E+02
    0.13095E+01    0.49143E+02
    0.13360E+01    0.47980E+02
    0.13630E+01    0.46844E+02
    0.13905E+01    0.45733E+02
    0.14186E+01    0.44647E+02
    0.14472E+01    0.43585E+02
    0.14765E+01    0.42547E+02
    0.15063E+01    0.41531E+02
    0.15367E+01    0.40537E+02
    0.15678E+01    0.39565E+02
    0.15994E+01    0.38614E+02
    0.16318E+01    0.37683E+02
    0.16647E+01    0.36772E+02
    0.16984E+01    0.35880E+02
    0.17327E+01    0.35007E+02
    0.17677E+01    0.34152E+02
    0.18034E+01    0.33313E+02
    0.18398E+01    0.32492E+02
    0.18770E+01    0.31686E+02
    0.19149E+01    0.30897E+02
    0.19536E+01    0.30122E+02
    0.19930E+01    0.29362E+02
    0.20333E+01    0.28617E+02
    0.20744E+01    0.27887E+02
    0.21163E+01    0.27171E+02
    0.21590E+01    0.26472E+02
    0.22026E+01    0.25788E+02
    0.22471E+01    0.25120E+02
    0.22925E+01    0.24468E+02
    0.23388E+01    0.23831E+02
    0.23861E+01    0.23211E+02
