    0.10000E-03    0.11081E+03
    0.10202E-03    0.11296E+03
    0.10408E-03    0.11514E+03
    0.10618E-03    0.11738E+03
    0.10833E-03    0.11965E+03
    0.11052E-03    0.12197E+03
    0.11275E-03    0.12433E+03
    0.11503E-03    0.12674E+03
    0.11735E-03    0.12919E+03
    0.11972E-03    0.13170E+03
    0.12214E-03    0.13425E+03
    0.12461E-03    0.13685E+03
    0.12712E-03    0.13950E+03
    0.12969E-03    0.14220E+03
    0.13231E-03    0.14496E+03
    0.13499E-03    0.14776E+03
    0.13771E-03    0.15063E+03
    0.14049E-03    0.15354E+03
    0.14333E-03    0.15652E+03
    0.14623E-03    0.15955E+03
    0.14918E-03    0.16264E+03
    0.15220E-03    0.16579E+03
    0.15527E-03    0.16900E+03
    0.15841E-03    0.17227E+03
    0.16161E-03    0.17560E+03
    0.16487E-03    0.17900E+03
    0.16820E-03    0.18247E+03
    0.17160E-03    0.18600E+03
    0.17507E-03    0.18960E+03
    0.17860E-03    0.19327E+03
    0.18221E-03    0.19701E+03
    0.18589E-03    0.20082E+03
    0.18965E-03    0.20471E+03
    0.19348E-03    0.20867E+03
    0.19739E-03    0.21271E+03
    0.20138E-03    0.21682E+03
    0.20544E-03    0.22102E+03
    0.20959E-03    0.22529E+03
    0.21383E-03    0.22965E+03
    0.21815E-03    0.23409E+03
    0.22255E-03    0.23862E+03
    0.22705E-03    0.24323E+03
    0.23164E-03    0.24793E+03
    0.23632E-03    0.25273E+03
    0.24109E-03    0.25761E+03
    0.24596E-03    0.26259E+03
    0.25093E-03    0.26767E+03
    0.25600E-03    0.27284E+03
    0.26117E-03    0.27811E+03
    0.26645E-03    0.28348E+03
    0.27183E-03    0.28896E+03
    0.27732E-03    0.29454E+03
    0.28292E-03    0.30022E+03
    0.28864E-03    0.30602E+03
    0.29447E-03    0.31193E+03
    0.30042E-03    0.31795E+03
    0.30649E-03    0.32408E+03
    0.31268E-03    0.33034E+03
    0.31899E-03    0.33671E+03
    0.32544E-03    0.34320E+03
    0.33201E-03    0.34982E+03
    0.33872E-03    0.35656E+03
    0.34556E-03    0.36344E+03
    0.35254E-03    0.37044E+03
    0.35966E-03    0.37758E+03
    0.36693E-03    0.38485E+03
    0.37434E-03    0.39226E+03
    0.38190E-03    0.39981E+03
    0.38962E-03    0.40750E+03
    0.39749E-03    0.41534E+03
    0.40552E-03    0.42333E+03
    0.41371E-03    0.43147E+03
    0.42207E-03    0.43977E+03
    0.43060E-03    0.44822E+03
    0.43929E-03    0.45682E+03
    0.44817E-03    0.46560E+03
    0.45722E-03    0.47453E+03
    0.46646E-03    0.48364E+03
    0.47588E-03    0.49291E+03
    0.48550E-03    0.50237E+03
    0.49530E-03    0.51199E+03
    0.50531E-03    0.52180E+03
    0.51552E-03    0.53179E+03
    0.52593E-03    0.54197E+03
    0.53656E-03    0.55234E+03
    0.54739E-03    0.56290E+03
    0.55845E-03    0.57365E+03
    0.56973E-03    0.58461E+03
    0.58124E-03    0.59577E+03
    0.59299E-03    0.60713E+03
    0.60496E-03    0.61871E+03
    0.61719E-03    0.63050E+03
    0.62965E-03    0.64250E+03
    0.64237E-03    0.65473E+03
    0.65535E-03    0.66718E+03
    0.66859E-03    0.67986E+03
    0.68210E-03    0.69277E+03
    0.69588E-03    0.70592E+03
    0.70993E-03    0.71930E+03
    0.72427E-03    0.73293E+03
    0.73891E-03    0.74681E+03
    0.75383E-03    0.76093E+03
    0.76906E-03    0.77531E+03
    0.78460E-03    0.78995E+03
    0.80045E-03    0.80485E+03
    0.81662E-03    0.82002E+03
    0.83311E-03    0.83546E+03
    0.84994E-03    0.85118E+03
    0.86711E-03    0.86717E+03
    0.88463E-03    0.88345E+03
    0.90250E-03    0.90001E+03
    0.92073E-03    0.91687E+03
    0.93933E-03    0.93402E+03
    0.95831E-03    0.95148E+03
    0.97767E-03    0.96923E+03
    0.99742E-03    0.98730E+03
    0.10176E-02    0.10057E+04
    0.10381E-02    0.10244E+04
    0.10591E-02    0.10434E+04
    0.10805E-02    0.10627E+04
    0.11023E-02    0.10824E+04
    0.11246E-02    0.11024E+04
    0.11473E-02    0.11228E+04
    0.11705E-02    0.11435E+04
    0.11941E-02    0.11645E+04
    0.12182E-02    0.11859E+04
    0.12429E-02    0.12077E+04
    0.12680E-02    0.12298E+04
    0.12936E-02    0.12523E+04
    0.13197E-02    0.12751E+04
    0.13464E-02    0.12983E+04
    0.13736E-02    0.13220E+04
    0.14013E-02    0.13459E+04
    0.14296E-02    0.13703E+04
    0.14585E-02    0.13951E+04
    0.14880E-02    0.14203E+04
    0.15180E-02    0.14458E+04
    0.15487E-02    0.14718E+04
    0.15800E-02    0.14982E+04
    0.16119E-02    0.15250E+04
    0.16445E-02    0.15522E+04
    0.16777E-02    0.15798E+04
    0.17116E-02    0.16078E+04
    0.17462E-02    0.16363E+04
    0.17814E-02    0.16652E+04
    0.18174E-02    0.16945E+04
    0.18541E-02    0.17243E+04
    0.18916E-02    0.17545E+04
    0.19298E-02    0.17852E+04
    0.19688E-02    0.18163E+04
    0.20086E-02    0.18478E+04
    0.20491E-02    0.18798E+04
    0.20905E-02    0.19123E+04
    0.21328E-02    0.19452E+04
    0.21758E-02    0.19785E+04
    0.22198E-02    0.20123E+04
    0.22646E-02    0.20466E+04
    0.23104E-02    0.20813E+04
    0.23571E-02    0.21165E+04
    0.24047E-02    0.21522E+04
    0.24533E-02    0.21883E+04
    0.25028E-02    0.22249E+04
    0.25534E-02    0.22619E+04
    0.26050E-02    0.22994E+04
    0.26576E-02    0.23373E+04
    0.27113E-02    0.23758E+04
    0.27660E-02    0.24146E+04
    0.28219E-02    0.24540E+04
    0.28789E-02    0.24938E+04
    0.29371E-02    0.25340E+04
    0.29964E-02    0.25747E+04
    0.30569E-02    0.26158E+04
    0.31187E-02    0.26574E+04
    0.31817E-02    0.26994E+04
    0.32460E-02    0.27418E+04
    0.33115E-02    0.27847E+04
    0.33784E-02    0.28280E+04
    0.34467E-02    0.28717E+04
    0.35163E-02    0.29158E+04
    0.35874E-02    0.29603E+04
    0.36598E-02    0.30052E+04
    0.37338E-02    0.30505E+04
    0.38092E-02    0.30962E+04
    0.38861E-02    0.31422E+04
    0.39646E-02    0.31886E+04
    0.40447E-02    0.32353E+04
    0.41264E-02    0.32824E+04
    0.42098E-02    0.33299E+04
    0.42948E-02    0.33777E+04
    0.43816E-02    0.34258E+04
    0.44701E-02    0.34742E+04
    0.45604E-02    0.35227E+04
    0.46525E-02    0.35713E+04
    0.47465E-02    0.36199E+04
    0.48424E-02    0.36687E+04
    0.49402E-02    0.37177E+04
    0.50400E-02    0.37668E+04
    0.51419E-02    0.38163E+04
    0.52457E-02    0.38660E+04
    0.53517E-02    0.39161E+04
    0.54598E-02    0.39662E+04
    0.55701E-02    0.40165E+04
    0.56826E-02    0.40669E+04
    0.57974E-02    0.41172E+04
    0.59145E-02    0.41675E+04
    0.60340E-02    0.42177E+04
    0.61559E-02    0.42679E+04
    0.62803E-02    0.43179E+04
    0.64072E-02    0.43679E+04
    0.65366E-02    0.44178E+04
    0.66686E-02    0.44674E+04
    0.68033E-02    0.45169E+04
    0.69408E-02    0.45661E+04
    0.70810E-02    0.46150E+04
    0.72240E-02    0.46636E+04
    0.73700E-02    0.47119E+04
    0.75189E-02    0.47597E+04
    0.76708E-02    0.48071E+04
    0.78257E-02    0.48541E+04
    0.79838E-02    0.49005E+04
    0.81451E-02    0.49463E+04
    0.83096E-02    0.49916E+04
    0.84775E-02    0.50361E+04
    0.86488E-02    0.50800E+04
    0.88235E-02    0.51232E+04
    0.90017E-02    0.51655E+04
    0.91836E-02    0.52070E+04
    0.93691E-02    0.52476E+04
    0.95583E-02    0.52872E+04
    0.97514E-02    0.53258E+04
    0.99484E-02    0.53633E+04
    0.10149E-01    0.53998E+04
    0.10354E-01    0.54350E+04
    0.10564E-01    0.54690E+04
    0.10777E-01    0.55018E+04
    0.10995E-01    0.55331E+04
    0.11217E-01    0.55630E+04
    0.11443E-01    0.55914E+04
    0.11675E-01    0.56183E+04
    0.11910E-01    0.56435E+04
    0.12151E-01    0.56672E+04
    0.12397E-01    0.56892E+04
    0.12647E-01    0.57095E+04
    0.12902E-01    0.57280E+04
    0.13163E-01    0.57444E+04
    0.13429E-01    0.57588E+04
    0.13700E-01    0.57707E+04
    0.13977E-01    0.57802E+04
    0.14259E-01    0.57874E+04
    0.14547E-01    0.57927E+04
    0.14841E-01    0.57963E+04
    0.15141E-01    0.57988E+04
    0.15447E-01    0.58002E+04
    0.15759E-01    0.58003E+04
    0.16077E-01    0.57984E+04
    0.16402E-01    0.57938E+04
    0.16734E-01    0.57858E+04
    0.17072E-01    0.57739E+04
    0.17416E-01    0.57581E+04
    0.17768E-01    0.57390E+04
    0.18127E-01    0.57170E+04
    0.18493E-01    0.56924E+04
    0.18867E-01    0.56656E+04
    0.19248E-01    0.56363E+04
    0.19637E-01    0.56041E+04
    0.20034E-01    0.55687E+04
    0.20438E-01    0.55296E+04
    0.20851E-01    0.54865E+04
    0.21272E-01    0.54398E+04
    0.21702E-01    0.53901E+04
    0.22141E-01    0.53376E+04
    0.22588E-01    0.52831E+04
    0.23044E-01    0.52268E+04
    0.23510E-01    0.51688E+04
    0.23985E-01    0.51091E+04
    0.24469E-01    0.50477E+04
    0.24964E-01    0.49846E+04
    0.25468E-01    0.49198E+04
    0.25982E-01    0.48532E+04
    0.26507E-01    0.47847E+04
    0.27043E-01    0.47144E+04
    0.27589E-01    0.46421E+04
    0.28146E-01    0.45679E+04
    0.28715E-01    0.44920E+04
    0.29295E-01    0.44147E+04
    0.29887E-01    0.43362E+04
    0.30490E-01    0.42568E+04
    0.31106E-01    0.41767E+04
    0.31735E-01    0.40963E+04
    0.32376E-01    0.40158E+04
    0.33030E-01    0.39356E+04
    0.33697E-01    0.38560E+04
    0.34378E-01    0.37771E+04
    0.35072E-01    0.36992E+04
    0.35781E-01    0.36225E+04
    0.36504E-01    0.35471E+04
    0.37241E-01    0.34732E+04
    0.37993E-01    0.34008E+04
    0.38761E-01    0.33301E+04
    0.39544E-01    0.32613E+04
    0.40343E-01    0.31943E+04
    0.41158E-01    0.31294E+04
    0.41989E-01    0.30667E+04
    0.42838E-01    0.30063E+04
    0.43703E-01    0.29485E+04
    0.44586E-01    0.28934E+04
    0.45486E-01    0.28413E+04
    0.46405E-01    0.27920E+04
    0.47343E-01    0.27454E+04
    0.48299E-01    0.27013E+04
    0.49275E-01    0.26593E+04
    0.50270E-01    0.26193E+04
    0.51286E-01    0.25812E+04
    0.52322E-01    0.25447E+04
    0.53379E-01    0.25096E+04
    0.54457E-01    0.24759E+04
    0.55557E-01    0.24430E+04
    0.56680E-01    0.24107E+04
    0.57825E-01    0.23786E+04
    0.58993E-01    0.23463E+04
    0.60184E-01    0.23136E+04
    0.61400E-01    0.22802E+04
    0.62641E-01    0.22458E+04
    0.63906E-01    0.22099E+04
    0.65197E-01    0.21719E+04
    0.66514E-01    0.21315E+04
    0.67858E-01    0.20890E+04
    0.69229E-01    0.20449E+04
    0.70627E-01    0.19998E+04
    0.72054E-01    0.19530E+04
    0.73510E-01    0.19033E+04
    0.74994E-01    0.18499E+04
    0.76509E-01    0.17936E+04
    0.78055E-01    0.17356E+04
    0.79632E-01    0.16767E+04
    0.81241E-01    0.16175E+04
    0.82882E-01    0.15582E+04
    0.84556E-01    0.14994E+04
    0.86264E-01    0.14417E+04
    0.88007E-01    0.13859E+04
    0.89785E-01    0.13325E+04
    0.91598E-01    0.12820E+04
    0.93449E-01    0.12350E+04
    0.95337E-01    0.11917E+04
    0.97263E-01    0.11524E+04
    0.99227E-01    0.11173E+04
    0.10123E+00    0.10863E+04
    0.10328E+00    0.10592E+04
    0.10536E+00    0.10355E+04
    0.10749E+00    0.10148E+04
    0.10966E+00    0.99647E+03
    0.11188E+00    0.97982E+03
    0.11414E+00    0.96411E+03
    0.11644E+00    0.94852E+03
    0.11880E+00    0.93227E+03
    0.12120E+00    0.91467E+03
    0.12365E+00    0.89508E+03
    0.12614E+00    0.87313E+03
    0.12869E+00    0.84863E+03
    0.13129E+00    0.82167E+03
    0.13394E+00    0.79255E+03
    0.13665E+00    0.76179E+03
    0.13941E+00    0.73001E+03
    0.14223E+00    0.69796E+03
    0.14510E+00    0.66646E+03
    0.14803E+00    0.63640E+03
    0.15102E+00    0.60860E+03
    0.15407E+00    0.58372E+03
    0.15718E+00    0.56213E+03
    0.16036E+00    0.54384E+03
    0.16360E+00    0.52851E+03
    0.16690E+00    0.51562E+03
    0.17028E+00    0.50450E+03
    0.17371E+00    0.49442E+03
    0.17722E+00    0.48461E+03
    0.18080E+00    0.47424E+03
    0.18446E+00    0.46261E+03
    0.18818E+00    0.44923E+03
    0.19198E+00    0.43405E+03
    0.19586E+00    0.41743E+03
    0.19982E+00    0.39997E+03
    0.20386E+00    0.38240E+03
    0.20797E+00    0.36542E+03
    0.21218E+00    0.34970E+03
    0.21646E+00    0.33573E+03
    0.22083E+00    0.32376E+03
    0.22530E+00    0.31371E+03
    0.22985E+00    0.30517E+03
    0.23449E+00    0.29756E+03
    0.23923E+00    0.29021E+03
    0.24406E+00    0.28251E+03
    0.24899E+00    0.27402E+03
    0.25402E+00    0.26465E+03
    0.25915E+00    0.25459E+03
    0.26439E+00    0.24428E+03
    0.26973E+00    0.23421E+03
    0.27518E+00    0.22485E+03
    0.28074E+00    0.21650E+03
    0.28641E+00    0.20925E+03
    0.29219E+00    0.20289E+03
    0.29810E+00    0.19704E+03
    0.30412E+00    0.19130E+03
    0.31026E+00    0.18536E+03
    0.31653E+00    0.17908E+03
    0.32292E+00    0.17253E+03
    0.32945E+00    0.16598E+03
    0.33610E+00    0.15975E+03
    0.34289E+00    0.15401E+03
    0.34982E+00    0.14881E+03
    0.35689E+00    0.14409E+03
    0.36409E+00    0.13961E+03
    0.37145E+00    0.13516E+03
    0.37895E+00    0.13065E+03
    0.38661E+00    0.12609E+03
    0.39442E+00    0.12161E+03
    0.40239E+00    0.11734E+03
    0.41052E+00    0.11337E+03
    0.41881E+00    0.10967E+03
    0.42727E+00    0.10615E+03
    0.43590E+00    0.10271E+03
    0.44471E+00    0.99312E+02
    0.45369E+00    0.95959E+02
    0.46286E+00    0.92719E+02
    0.47221E+00    0.89642E+02
    0.48174E+00    0.86727E+02
    0.49148E+00    0.83945E+02
    0.50141E+00    0.81242E+02
    0.51153E+00    0.78604E+02
    0.52187E+00    0.76039E+02
    0.53241E+00    0.73576E+02
    0.54317E+00    0.71220E+02
    0.55414E+00    0.68957E+02
    0.56533E+00    0.66770E+02
    0.57675E+00    0.64658E+02
    0.58840E+00    0.62620E+02
    0.60029E+00    0.60655E+02
    0.61242E+00    0.58761E+02
    0.62479E+00    0.56935E+02
    0.63741E+00    0.55174E+02
    0.65029E+00    0.53477E+02
    0.66342E+00    0.51840E+02
    0.67683E+00    0.50261E+02
    0.69050E+00    0.48738E+02
    0.70445E+00    0.47268E+02
    0.71868E+00    0.45850E+02
    0.73320E+00    0.44481E+02
    0.74801E+00    0.43160E+02
    0.76312E+00    0.41885E+02
    0.77854E+00    0.40654E+02
    0.79426E+00    0.39465E+02
    0.81031E+00    0.38316E+02
    0.82668E+00    0.37207E+02
    0.84338E+00    0.36136E+02
    0.86041E+00    0.35101E+02
    0.87780E+00    0.34100E+02
    0.89553E+00    0.33134E+02
    0.91362E+00    0.32200E+02
    0.93208E+00    0.31296E+02
    0.95091E+00    0.30423E+02
    0.97011E+00    0.29578E+02
    0.98971E+00    0.28761E+02
    0.10097E+01    0.27970E+02
    0.10301E+01    0.27205E+02
    0.10509E+01    0.26464E+02
    0.10721E+01    0.25747E+02
    0.10938E+01    0.25052E+02
    0.11159E+01    0.24379E+02
    0.11384E+01    0.23727E+02
    0.11614E+01    0.23096E+02
    0.11849E+01    0.22483E+02
    0.12088E+01    0.21889E+02
    0.12333E+01    0.21314E+02
    0.12582E+01    0.20755E+02
    0.12836E+01    0.20213E+02
    0.13095E+01    0.19687E+02
    0.13360E+01    0.19176E+02
    0.13630E+01    0.18681E+02
    0.13905E+01    0.18199E+02
    0.14186E+01    0.17731E+02
    0.14472E+01    0.17277E+02
    0.14765E+01    0.16835E+02
    0.15063E+01    0.16406E+02
    0.15367E+01    0.15989E+02
    0.15678E+01    0.15583E+02
    0.15994E+01    0.15188E+02
    0.16318E+01    0.14804E+02
    0.16647E+01    0.14430E+02
    0.16984E+01    0.14066E+02
    0.17327E+01    0.13712E+02
    0.17677E+01    0.13367E+02
    0.18034E+01    0.13030E+02
    0.18398E+01    0.12703E+02
    0.18770E+01    0.12383E+02
    0.19149E+01    0.12072E+02
    0.19536E+01    0.11768E+02
    0.19930E+01    0.11471E+02
    0.20333E+01    0.11182E+02
    0.20744E+01    0.10900E+02
    0.21163E+01    0.10625E+02
    0.21590E+01    0.10356E+02
    0.22026E+01    0.10095E+02
    0.22471E+01    0.98392E+01
    0.22925E+01    0.95903E+01
    0.23388E+01    0.93476E+01
    0.23861E+01    0.91110E+01
