    0.10000E-03    0.21128E+03
    0.10202E-03    0.21537E+03
    0.10408E-03    0.21954E+03
    0.10618E-03    0.22380E+03
    0.10833E-03    0.22813E+03
    0.11052E-03    0.23255E+03
    0.11275E-03    0.23706E+03
    0.11503E-03    0.24165E+03
    0.11735E-03    0.24633E+03
    0.11972E-03    0.25110E+03
    0.12214E-03    0.25597E+03
    0.12461E-03    0.26092E+03
    0.12712E-03    0.26598E+03
    0.12969E-03    0.27113E+03
    0.13231E-03    0.27638E+03
    0.13499E-03    0.28173E+03
    0.13771E-03    0.28719E+03
    0.14049E-03    0.29275E+03
    0.14333E-03    0.29842E+03
    0.14623E-03    0.30420E+03
    0.14918E-03    0.31009E+03
    0.15220E-03    0.31609E+03
    0.15527E-03    0.32221E+03
    0.15841E-03    0.32845E+03
    0.16161E-03    0.33481E+03
    0.16487E-03    0.34129E+03
    0.16820E-03    0.34789E+03
    0.17160E-03    0.35463E+03
    0.17507E-03    0.36149E+03
    0.17860E-03    0.36849E+03
    0.18221E-03    0.37562E+03
    0.18589E-03    0.38288E+03
    0.18965E-03    0.39029E+03
    0.19348E-03    0.39784E+03
    0.19739E-03    0.40554E+03
    0.20138E-03    0.41338E+03
    0.20544E-03    0.42138E+03
    0.20959E-03    0.42953E+03
    0.21383E-03    0.43784E+03
    0.21815E-03    0.44630E+03
    0.22255E-03    0.45493E+03
    0.22705E-03    0.46373E+03
    0.23164E-03    0.47269E+03
    0.23632E-03    0.48183E+03
    0.24109E-03    0.49114E+03
    0.24596E-03    0.50063E+03
    0.25093E-03    0.51030E+03
    0.25600E-03    0.52016E+03
    0.26117E-03    0.53021E+03
    0.26645E-03    0.54045E+03
    0.27183E-03    0.55088E+03
    0.27732E-03    0.56152E+03
    0.28292E-03    0.57236E+03
    0.28864E-03    0.58341E+03
    0.29447E-03    0.59466E+03
    0.30042E-03    0.60614E+03
    0.30649E-03    0.61783E+03
    0.31268E-03    0.62975E+03
    0.31899E-03    0.64189E+03
    0.32544E-03    0.65426E+03
    0.33201E-03    0.66687E+03
    0.33872E-03    0.67973E+03
    0.34556E-03    0.69282E+03
    0.35254E-03    0.70617E+03
    0.35966E-03    0.71976E+03
    0.36693E-03    0.73362E+03
    0.37434E-03    0.74774E+03
    0.38190E-03    0.76213E+03
    0.38962E-03    0.77679E+03
    0.39749E-03    0.79172E+03
    0.40552E-03    0.80694E+03
    0.41371E-03    0.82245E+03
    0.42207E-03    0.83825E+03
    0.43060E-03    0.85435E+03
    0.43929E-03    0.87075E+03
    0.44817E-03    0.88746E+03
    0.45722E-03    0.90448E+03
    0.46646E-03    0.92183E+03
    0.47588E-03    0.93950E+03
    0.48550E-03    0.95750E+03
    0.49530E-03    0.97584E+03
    0.50531E-03    0.99452E+03
    0.51552E-03    0.10135E+04
    0.52593E-03    0.10329E+04
    0.53656E-03    0.10527E+04
    0.54739E-03    0.10728E+04
    0.55845E-03    0.10933E+04
    0.56973E-03    0.11141E+04
    0.58124E-03    0.11354E+04
    0.59299E-03    0.11570E+04
    0.60496E-03    0.11791E+04
    0.61719E-03    0.12015E+04
    0.62965E-03    0.12244E+04
    0.64237E-03    0.12477E+04
    0.65535E-03    0.12714E+04
    0.66859E-03    0.12955E+04
    0.68210E-03    0.13201E+04
    0.69588E-03    0.13451E+04
    0.70993E-03    0.13706E+04
    0.72427E-03    0.13965E+04
    0.73891E-03    0.14229E+04
    0.75383E-03    0.14498E+04
    0.76906E-03    0.14772E+04
    0.78460E-03    0.15051E+04
    0.80045E-03    0.15334E+04
    0.81662E-03    0.15623E+04
    0.83311E-03    0.15917E+04
    0.84994E-03    0.16216E+04
    0.86711E-03    0.16521E+04
    0.88463E-03    0.16830E+04
    0.90250E-03    0.17146E+04
    0.92073E-03    0.17467E+04
    0.93933E-03    0.17793E+04
    0.95831E-03    0.18125E+04
    0.97767E-03    0.18463E+04
    0.99742E-03    0.18807E+04
    0.10176E-02    0.19157E+04
    0.10381E-02    0.19513E+04
    0.10591E-02    0.19875E+04
    0.10805E-02    0.20243E+04
    0.11023E-02    0.20618E+04
    0.11246E-02    0.20999E+04
    0.11473E-02    0.21386E+04
    0.11705E-02    0.21780E+04
    0.11941E-02    0.22181E+04
    0.12182E-02    0.22588E+04
    0.12429E-02    0.23002E+04
    0.12680E-02    0.23423E+04
    0.12936E-02    0.23851E+04
    0.13197E-02    0.24286E+04
    0.13464E-02    0.24728E+04
    0.13736E-02    0.25178E+04
    0.14013E-02    0.25634E+04
    0.14296E-02    0.26098E+04
    0.14585E-02    0.26570E+04
    0.14880E-02    0.27049E+04
    0.15180E-02    0.27536E+04
    0.15487E-02    0.28030E+04
    0.15800E-02    0.28532E+04
    0.16119E-02    0.29042E+04
    0.16445E-02    0.29560E+04
    0.16777E-02    0.30086E+04
    0.17116E-02    0.30620E+04
    0.17462E-02    0.31162E+04
    0.17814E-02    0.31713E+04
    0.18174E-02    0.32271E+04
    0.18541E-02    0.32838E+04
    0.18916E-02    0.33413E+04
    0.19298E-02    0.33997E+04
    0.19688E-02    0.34589E+04
    0.20086E-02    0.35189E+04
    0.20491E-02    0.35799E+04
    0.20905E-02    0.36416E+04
    0.21328E-02    0.37043E+04
    0.21758E-02    0.37678E+04
    0.22198E-02    0.38322E+04
    0.22646E-02    0.38974E+04
    0.23104E-02    0.39635E+04
    0.23571E-02    0.40305E+04
    0.24047E-02    0.40984E+04
    0.24533E-02    0.41672E+04
    0.25028E-02    0.42368E+04
    0.25534E-02    0.43073E+04
    0.26050E-02    0.43787E+04
    0.26576E-02    0.44510E+04
    0.27113E-02    0.45241E+04
    0.27660E-02    0.45981E+04
    0.28219E-02    0.46730E+04
    0.28789E-02    0.47488E+04
    0.29371E-02    0.48254E+04
    0.29964E-02    0.49028E+04
    0.30569E-02    0.49811E+04
    0.31187E-02    0.50603E+04
    0.31817E-02    0.51403E+04
    0.32460E-02    0.52211E+04
    0.33115E-02    0.53027E+04
    0.33784E-02    0.53851E+04
    0.34467E-02    0.54683E+04
    0.35163E-02    0.55524E+04
    0.35874E-02    0.56371E+04
    0.36598E-02    0.57227E+04
    0.37338E-02    0.58089E+04
    0.38092E-02    0.58958E+04
    0.38861E-02    0.59834E+04
    0.39646E-02    0.60717E+04
    0.40447E-02    0.61607E+04
    0.41264E-02    0.62504E+04
    0.42098E-02    0.63409E+04
    0.42948E-02    0.64321E+04
    0.43816E-02    0.65239E+04
    0.44701E-02    0.66160E+04
    0.45604E-02    0.67082E+04
    0.46525E-02    0.68003E+04
    0.47465E-02    0.68921E+04
    0.48424E-02    0.69839E+04
    0.49402E-02    0.70760E+04
    0.50400E-02    0.71686E+04
    0.51419E-02    0.72620E+04
    0.52457E-02    0.73563E+04
    0.53517E-02    0.74513E+04
    0.54598E-02    0.75469E+04
    0.55701E-02    0.76427E+04
    0.56826E-02    0.77385E+04
    0.57974E-02    0.78342E+04
    0.59145E-02    0.79298E+04
    0.60340E-02    0.80252E+04
    0.61559E-02    0.81204E+04
    0.62803E-02    0.82155E+04
    0.64072E-02    0.83105E+04
    0.65366E-02    0.84052E+04
    0.66686E-02    0.84995E+04
    0.68033E-02    0.85935E+04
    0.69408E-02    0.86870E+04
    0.70810E-02    0.87799E+04
    0.72240E-02    0.88722E+04
    0.73700E-02    0.89638E+04
    0.75189E-02    0.90547E+04
    0.76708E-02    0.91447E+04
    0.78257E-02    0.92338E+04
    0.79838E-02    0.93219E+04
    0.81451E-02    0.94089E+04
    0.83096E-02    0.94948E+04
    0.84775E-02    0.95794E+04
    0.86488E-02    0.96627E+04
    0.88235E-02    0.97445E+04
    0.90017E-02    0.98248E+04
    0.91836E-02    0.99035E+04
    0.93691E-02    0.99804E+04
    0.95583E-02    0.10056E+05
    0.97514E-02    0.10129E+05
    0.99484E-02    0.10200E+05
    0.10149E-01    0.10269E+05
    0.10354E-01    0.10336E+05
    0.10564E-01    0.10400E+05
    0.10777E-01    0.10462E+05
    0.10995E-01    0.10521E+05
    0.11217E-01    0.10578E+05
    0.11443E-01    0.10632E+05
    0.11675E-01    0.10682E+05
    0.11910E-01    0.10730E+05
    0.12151E-01    0.10775E+05
    0.12397E-01    0.10816E+05
    0.12647E-01    0.10855E+05
    0.12902E-01    0.10889E+05
    0.13163E-01    0.10920E+05
    0.13429E-01    0.10947E+05
    0.13700E-01    0.10970E+05
    0.13977E-01    0.10987E+05
    0.14259E-01    0.11000E+05
    0.14547E-01    0.11010E+05
    0.14841E-01    0.11017E+05
    0.15141E-01    0.11021E+05
    0.15447E-01    0.11023E+05
    0.15759E-01    0.11023E+05
    0.16077E-01    0.11019E+05
    0.16402E-01    0.11010E+05
    0.16734E-01    0.10994E+05
    0.17072E-01    0.10971E+05
    0.17416E-01    0.10941E+05
    0.17768E-01    0.10904E+05
    0.18127E-01    0.10861E+05
    0.18493E-01    0.10814E+05
    0.18867E-01    0.10763E+05
    0.19248E-01    0.10707E+05
    0.19637E-01    0.10645E+05
    0.20034E-01    0.10577E+05
    0.20438E-01    0.10503E+05
    0.20851E-01    0.10420E+05
    0.21272E-01    0.10331E+05
    0.21702E-01    0.10236E+05
    0.22141E-01    0.10136E+05
    0.22588E-01    0.10032E+05
    0.23044E-01    0.99250E+04
    0.23510E-01    0.98145E+04
    0.23985E-01    0.97008E+04
    0.24469E-01    0.95838E+04
    0.24964E-01    0.94636E+04
    0.25468E-01    0.93401E+04
    0.25982E-01    0.92133E+04
    0.26507E-01    0.90830E+04
    0.27043E-01    0.89491E+04
    0.27589E-01    0.88115E+04
    0.28146E-01    0.86704E+04
    0.28715E-01    0.85261E+04
    0.29295E-01    0.83791E+04
    0.29887E-01    0.82299E+04
    0.30490E-01    0.80790E+04
    0.31106E-01    0.79268E+04
    0.31735E-01    0.77740E+04
    0.32376E-01    0.76212E+04
    0.33030E-01    0.74689E+04
    0.33697E-01    0.73178E+04
    0.34378E-01    0.71681E+04
    0.35072E-01    0.70203E+04
    0.35781E-01    0.68748E+04
    0.36504E-01    0.67317E+04
    0.37241E-01    0.65915E+04
    0.37993E-01    0.64542E+04
    0.38761E-01    0.63201E+04
    0.39544E-01    0.61896E+04
    0.40343E-01    0.60627E+04
    0.41158E-01    0.59396E+04
    0.41989E-01    0.58207E+04
    0.42838E-01    0.57062E+04
    0.43703E-01    0.55966E+04
    0.44586E-01    0.54923E+04
    0.45486E-01    0.53934E+04
    0.46405E-01    0.53000E+04
    0.47343E-01    0.52116E+04
    0.48299E-01    0.51278E+04
    0.49275E-01    0.50482E+04
    0.50270E-01    0.49723E+04
    0.51286E-01    0.48999E+04
    0.52322E-01    0.48305E+04
    0.53379E-01    0.47640E+04
    0.54457E-01    0.46998E+04
    0.55557E-01    0.46374E+04
    0.56680E-01    0.45759E+04
    0.57825E-01    0.45148E+04
    0.58993E-01    0.44534E+04
    0.60184E-01    0.43912E+04
    0.61400E-01    0.43277E+04
    0.62641E-01    0.42622E+04
    0.63906E-01    0.41940E+04
    0.65197E-01    0.41219E+04
    0.66514E-01    0.40454E+04
    0.67858E-01    0.39648E+04
    0.69229E-01    0.38815E+04
    0.70627E-01    0.37962E+04
    0.72054E-01    0.37077E+04
    0.73510E-01    0.36139E+04
    0.74994E-01    0.35133E+04
    0.76509E-01    0.34074E+04
    0.78055E-01    0.32982E+04
    0.79632E-01    0.31876E+04
    0.81241E-01    0.30764E+04
    0.82882E-01    0.29651E+04
    0.84556E-01    0.28548E+04
    0.86264E-01    0.27468E+04
    0.88007E-01    0.26422E+04
    0.89785E-01    0.25421E+04
    0.91598E-01    0.24476E+04
    0.93449E-01    0.23594E+04
    0.95337E-01    0.22783E+04
    0.97263E-01    0.22047E+04
    0.99227E-01    0.21389E+04
    0.10123E+00    0.20805E+04
    0.10328E+00    0.20294E+04
    0.10536E+00    0.19848E+04
    0.10749E+00    0.19456E+04
    0.10966E+00    0.19108E+04
    0.11188E+00    0.18791E+04
    0.11414E+00    0.18492E+04
    0.11644E+00    0.18194E+04
    0.11880E+00    0.17885E+04
    0.12120E+00    0.17550E+04
    0.12365E+00    0.17180E+04
    0.12614E+00    0.16766E+04
    0.12869E+00    0.16306E+04
    0.13129E+00    0.15801E+04
    0.13394E+00    0.15258E+04
    0.13665E+00    0.14685E+04
    0.13941E+00    0.14094E+04
    0.14223E+00    0.13498E+04
    0.14510E+00    0.12914E+04
    0.14803E+00    0.12356E+04
    0.15102E+00    0.11840E+04
    0.15407E+00    0.11378E+04
    0.15718E+00    0.10975E+04
    0.16036E+00    0.10634E+04
    0.16360E+00    0.10346E+04
    0.16690E+00    0.10102E+04
    0.17028E+00    0.98911E+03
    0.17371E+00    0.96987E+03
    0.17722E+00    0.95113E+03
    0.18080E+00    0.93142E+03
    0.18446E+00    0.90942E+03
    0.18818E+00    0.88431E+03
    0.19198E+00    0.85599E+03
    0.19586E+00    0.82511E+03
    0.19982E+00    0.79278E+03
    0.20386E+00    0.76029E+03
    0.20797E+00    0.72891E+03
    0.21218E+00    0.69982E+03
    0.21646E+00    0.67391E+03
    0.22083E+00    0.65160E+03
    0.22530E+00    0.63273E+03
    0.22985E+00    0.61659E+03
    0.23449E+00    0.60211E+03
    0.23923E+00    0.58812E+03
    0.24406E+00    0.57351E+03
    0.24899E+00    0.55753E+03
    0.25402E+00    0.54000E+03
    0.25915E+00    0.52130E+03
    0.26439E+00    0.50217E+03
    0.26973E+00    0.48350E+03
    0.27518E+00    0.46610E+03
    0.28074E+00    0.45053E+03
    0.28641E+00    0.43690E+03
    0.29219E+00    0.42486E+03
    0.29810E+00    0.41373E+03
    0.30412E+00    0.40280E+03
    0.31026E+00    0.39154E+03
    0.31653E+00    0.37970E+03
    0.32292E+00    0.36742E+03
    0.32945E+00    0.35517E+03
    0.33610E+00    0.34348E+03
    0.34289E+00    0.33266E+03
    0.34982E+00    0.32282E+03
    0.35689E+00    0.31380E+03
    0.36409E+00    0.30522E+03
    0.37145E+00    0.29671E+03
    0.37895E+00    0.28811E+03
    0.38661E+00    0.27944E+03
    0.39442E+00    0.27091E+03
    0.40239E+00    0.26278E+03
    0.41052E+00    0.25516E+03
    0.41881E+00    0.24802E+03
    0.42727E+00    0.24121E+03
    0.43590E+00    0.23455E+03
    0.44471E+00    0.22796E+03
    0.45369E+00    0.22147E+03
    0.46286E+00    0.21518E+03
    0.47221E+00    0.20918E+03
    0.48174E+00    0.20347E+03
    0.49148E+00    0.19799E+03
    0.50141E+00    0.19265E+03
    0.51153E+00    0.18744E+03
    0.52187E+00    0.18236E+03
    0.53241E+00    0.17747E+03
    0.54317E+00    0.17276E+03
    0.55414E+00    0.16821E+03
    0.56533E+00    0.16381E+03
    0.57675E+00    0.15954E+03
    0.58840E+00    0.15540E+03
    0.60029E+00    0.15139E+03
    0.61242E+00    0.14750E+03
    0.62479E+00    0.14374E+03
    0.63741E+00    0.14010E+03
    0.65029E+00    0.13657E+03
    0.66342E+00    0.13314E+03
    0.67683E+00    0.12982E+03
    0.69050E+00    0.12660E+03
    0.70445E+00    0.12347E+03
    0.71868E+00    0.12044E+03
    0.73320E+00    0.11749E+03
    0.74801E+00    0.11463E+03
    0.76312E+00    0.11185E+03
    0.77854E+00    0.10915E+03
    0.79426E+00    0.10653E+03
    0.81031E+00    0.10397E+03
    0.82668E+00    0.10149E+03
    0.84338E+00    0.99078E+02
    0.86041E+00    0.96729E+02
    0.87780E+00    0.94442E+02
    0.89553E+00    0.92216E+02
    0.91362E+00    0.90048E+02
    0.93208E+00    0.87937E+02
    0.95091E+00    0.85879E+02
    0.97011E+00    0.83874E+02
    0.98971E+00    0.81918E+02
    0.10097E+01    0.80012E+02
    0.10301E+01    0.78152E+02
    0.10509E+01    0.76337E+02
    0.10721E+01    0.74566E+02
    0.10938E+01    0.72836E+02
    0.11159E+01    0.71148E+02
    0.11384E+01    0.69499E+02
    0.11614E+01    0.67887E+02
    0.11849E+01    0.66312E+02
    0.12088E+01    0.64773E+02
    0.12333E+01    0.63268E+02
    0.12582E+01    0.61797E+02
    0.12836E+01    0.60357E+02
    0.13095E+01    0.58948E+02
    0.13360E+01    0.57570E+02
    0.13630E+01    0.56221E+02
    0.13905E+01    0.54901E+02
    0.14186E+01    0.53608E+02
    0.14472E+01    0.52343E+02
    0.14765E+01    0.51104E+02
    0.15063E+01    0.49891E+02
    0.15367E+01    0.48703E+02
    0.15678E+01    0.47540E+02
    0.15994E+01    0.46401E+02
    0.16318E+01    0.45285E+02
    0.16647E+01    0.44192E+02
    0.16984E+01    0.43122E+02
    0.17327E+01    0.42072E+02
    0.17677E+01    0.41043E+02
    0.18034E+01    0.40034E+02
    0.18398E+01    0.39045E+02
    0.18770E+01    0.38074E+02
    0.19149E+01    0.37121E+02
    0.19536E+01    0.36185E+02
    0.19930E+01    0.35267E+02
    0.20333E+01    0.34366E+02
    0.20744E+01    0.33483E+02
    0.21163E+01    0.32617E+02
    0.21590E+01    0.31770E+02
    0.22026E+01    0.30942E+02
    0.22471E+01    0.30133E+02
    0.22925E+01    0.29343E+02
    0.23388E+01    0.28572E+02
    0.23861E+01    0.27821E+02
