    0.10000E-03    0.10526E+03
    0.10202E-03    0.10730E+03
    0.10408E-03    0.10938E+03
    0.10618E-03    0.11150E+03
    0.10833E-03    0.11366E+03
    0.11052E-03    0.11586E+03
    0.11275E-03    0.11811E+03
    0.11503E-03    0.12039E+03
    0.11735E-03    0.12273E+03
    0.11972E-03    0.12510E+03
    0.12214E-03    0.12753E+03
    0.12461E-03    0.13000E+03
    0.12712E-03    0.13252E+03
    0.12969E-03    0.13508E+03
    0.13231E-03    0.13770E+03
    0.13499E-03    0.14037E+03
    0.13771E-03    0.14308E+03
    0.14049E-03    0.14585E+03
    0.14333E-03    0.14868E+03
    0.14623E-03    0.15156E+03
    0.14918E-03    0.15449E+03
    0.15220E-03    0.15748E+03
    0.15527E-03    0.16053E+03
    0.15841E-03    0.16364E+03
    0.16161E-03    0.16681E+03
    0.16487E-03    0.17004E+03
    0.16820E-03    0.17333E+03
    0.17160E-03    0.17669E+03
    0.17507E-03    0.18011E+03
    0.17860E-03    0.18359E+03
    0.18221E-03    0.18715E+03
    0.18589E-03    0.19077E+03
    0.18965E-03    0.19446E+03
    0.19348E-03    0.19822E+03
    0.19739E-03    0.20206E+03
    0.20138E-03    0.20597E+03
    0.20544E-03    0.20995E+03
    0.20959E-03    0.21401E+03
    0.21383E-03    0.21815E+03
    0.21815E-03    0.22237E+03
    0.22255E-03    0.22667E+03
    0.22705E-03    0.23105E+03
    0.23164E-03    0.23552E+03
    0.23632E-03    0.24007E+03
    0.24109E-03    0.24471E+03
    0.24596E-03    0.24944E+03
    0.25093E-03    0.25427E+03
    0.25600E-03    0.25918E+03
    0.26117E-03    0.26419E+03
    0.26645E-03    0.26929E+03
    0.27183E-03    0.27449E+03
    0.27732E-03    0.27979E+03
    0.28292E-03    0.28520E+03
    0.28864E-03    0.29070E+03
    0.29447E-03    0.29631E+03
    0.30042E-03    0.30203E+03
    0.30649E-03    0.30786E+03
    0.31268E-03    0.31380E+03
    0.31899E-03    0.31985E+03
    0.32544E-03    0.32602E+03
    0.33201E-03    0.33231E+03
    0.33872E-03    0.33872E+03
    0.34556E-03    0.34524E+03
    0.35254E-03    0.35190E+03
    0.35966E-03    0.35868E+03
    0.36693E-03    0.36558E+03
    0.37434E-03    0.37262E+03
    0.38190E-03    0.37980E+03
    0.38962E-03    0.38711E+03
    0.39749E-03    0.39456E+03
    0.40552E-03    0.40214E+03
    0.41371E-03    0.40988E+03
    0.42207E-03    0.41776E+03
    0.43060E-03    0.42578E+03
    0.43929E-03    0.43396E+03
    0.44817E-03    0.44230E+03
    0.45722E-03    0.45079E+03
    0.46646E-03    0.45944E+03
    0.47588E-03    0.46825E+03
    0.48550E-03    0.47723E+03
    0.49530E-03    0.48637E+03
    0.50531E-03    0.49569E+03
    0.51552E-03    0.50518E+03
    0.52593E-03    0.51485E+03
    0.53656E-03    0.52470E+03
    0.54739E-03    0.53473E+03
    0.55845E-03    0.54495E+03
    0.56973E-03    0.55536E+03
    0.58124E-03    0.56596E+03
    0.59299E-03    0.57676E+03
    0.60496E-03    0.58776E+03
    0.61719E-03    0.59896E+03
    0.62965E-03    0.61036E+03
    0.64237E-03    0.62198E+03
    0.65535E-03    0.63381E+03
    0.66859E-03    0.64585E+03
    0.68210E-03    0.65812E+03
    0.69588E-03    0.67061E+03
    0.70993E-03    0.68332E+03
    0.72427E-03    0.69627E+03
    0.73891E-03    0.70945E+03
    0.75383E-03    0.72287E+03
    0.76906E-03    0.73654E+03
    0.78460E-03    0.75045E+03
    0.80045E-03    0.76460E+03
    0.81662E-03    0.77902E+03
    0.83311E-03    0.79368E+03
    0.84994E-03    0.80862E+03
    0.86711E-03    0.82381E+03
    0.88463E-03    0.83928E+03
    0.90250E-03    0.85501E+03
    0.92073E-03    0.87103E+03
    0.93933E-03    0.88732E+03
    0.95831E-03    0.90391E+03
    0.97767E-03    0.92078E+03
    0.99742E-03    0.93794E+03
    0.10176E-02    0.95540E+03
    0.10381E-02    0.97317E+03
    0.10591E-02    0.99124E+03
    0.10805E-02    0.10096E+04
    0.11023E-02    0.10283E+04
    0.11246E-02    0.10473E+04
    0.11473E-02    0.10667E+04
    0.11705E-02    0.10863E+04
    0.11941E-02    0.11063E+04
    0.12182E-02    0.11266E+04
    0.12429E-02    0.11473E+04
    0.12680E-02    0.11683E+04
    0.12936E-02    0.11897E+04
    0.13197E-02    0.12114E+04
    0.13464E-02    0.12335E+04
    0.13736E-02    0.12559E+04
    0.14013E-02    0.12787E+04
    0.14296E-02    0.13018E+04
    0.14585E-02    0.13254E+04
    0.14880E-02    0.13493E+04
    0.15180E-02    0.13736E+04
    0.15487E-02    0.13982E+04
    0.15800E-02    0.14233E+04
    0.16119E-02    0.14488E+04
    0.16445E-02    0.14746E+04
    0.16777E-02    0.15008E+04
    0.17116E-02    0.15275E+04
    0.17462E-02    0.15545E+04
    0.17814E-02    0.15820E+04
    0.18174E-02    0.16099E+04
    0.18541E-02    0.16382E+04
    0.18916E-02    0.16669E+04
    0.19298E-02    0.16960E+04
    0.19688E-02    0.17255E+04
    0.20086E-02    0.17555E+04
    0.20491E-02    0.17859E+04
    0.20905E-02    0.18167E+04
    0.21328E-02    0.18480E+04
    0.21758E-02    0.18797E+04
    0.22198E-02    0.19118E+04
    0.22646E-02    0.19444E+04
    0.23104E-02    0.19774E+04
    0.23571E-02    0.20108E+04
    0.24047E-02    0.20447E+04
    0.24533E-02    0.20790E+04
    0.25028E-02    0.21137E+04
    0.25534E-02    0.21489E+04
    0.26050E-02    0.21845E+04
    0.26576E-02    0.22206E+04
    0.27113E-02    0.22571E+04
    0.27660E-02    0.22940E+04
    0.28219E-02    0.23314E+04
    0.28789E-02    0.23692E+04
    0.29371E-02    0.24074E+04
    0.29964E-02    0.24460E+04
    0.30569E-02    0.24851E+04
    0.31187E-02    0.25246E+04
    0.31817E-02    0.25645E+04
    0.32460E-02    0.26048E+04
    0.33115E-02    0.26456E+04
    0.33784E-02    0.26867E+04
    0.34467E-02    0.27282E+04
    0.35163E-02    0.27701E+04
    0.35874E-02    0.28124E+04
    0.36598E-02    0.28551E+04
    0.37338E-02    0.28981E+04
    0.38092E-02    0.29415E+04
    0.38861E-02    0.29852E+04
    0.39646E-02    0.30293E+04
    0.40447E-02    0.30737E+04
    0.41264E-02    0.31185E+04
    0.42098E-02    0.31636E+04
    0.42948E-02    0.32090E+04
    0.43816E-02    0.32547E+04
    0.44701E-02    0.33006E+04
    0.45604E-02    0.33467E+04
    0.46525E-02    0.33929E+04
    0.47465E-02    0.34391E+04
    0.48424E-02    0.34855E+04
    0.49402E-02    0.35320E+04
    0.50400E-02    0.35788E+04
    0.51419E-02    0.36258E+04
    0.52457E-02    0.36731E+04
    0.53517E-02    0.37206E+04
    0.54598E-02    0.37683E+04
    0.55701E-02    0.38161E+04
    0.56826E-02    0.38639E+04
    0.57974E-02    0.39117E+04
    0.59145E-02    0.39594E+04
    0.60340E-02    0.40072E+04
    0.61559E-02    0.40548E+04
    0.62803E-02    0.41024E+04
    0.64072E-02    0.41499E+04
    0.65366E-02    0.41973E+04
    0.66686E-02    0.42445E+04
    0.68033E-02    0.42915E+04
    0.69408E-02    0.43382E+04
    0.70810E-02    0.43847E+04
    0.72240E-02    0.44309E+04
    0.73700E-02    0.44767E+04
    0.75189E-02    0.45222E+04
    0.76708E-02    0.45672E+04
    0.78257E-02    0.46118E+04
    0.79838E-02    0.46559E+04
    0.81451E-02    0.46995E+04
    0.83096E-02    0.47425E+04
    0.84775E-02    0.47849E+04
    0.86488E-02    0.48266E+04
    0.88235E-02    0.48675E+04
    0.90017E-02    0.49078E+04
    0.91836E-02    0.49472E+04
    0.93691E-02    0.49857E+04
    0.95583E-02    0.50234E+04
    0.97514E-02    0.50601E+04
    0.99484E-02    0.50958E+04
    0.10149E-01    0.51304E+04
    0.10354E-01    0.51639E+04
    0.10564E-01    0.51962E+04
    0.10777E-01    0.52273E+04
    0.10995E-01    0.52571E+04
    0.11217E-01    0.52855E+04
    0.11443E-01    0.53125E+04
    0.11675E-01    0.53381E+04
    0.11910E-01    0.53621E+04
    0.12151E-01    0.53845E+04
    0.12397E-01    0.54054E+04
    0.12647E-01    0.54247E+04
    0.12902E-01    0.54423E+04
    0.13163E-01    0.54580E+04
    0.13429E-01    0.54716E+04
    0.13700E-01    0.54830E+04
    0.13977E-01    0.54920E+04
    0.14259E-01    0.54988E+04
    0.14547E-01    0.55038E+04
    0.14841E-01    0.55073E+04
    0.15141E-01    0.55096E+04
    0.15447E-01    0.55110E+04
    0.15759E-01    0.55112E+04
    0.16077E-01    0.55093E+04
    0.16402E-01    0.55050E+04
    0.16734E-01    0.54974E+04
    0.17072E-01    0.54860E+04
    0.17416E-01    0.54711E+04
    0.17768E-01    0.54530E+04
    0.18127E-01    0.54320E+04
    0.18493E-01    0.54086E+04
    0.18867E-01    0.53832E+04
    0.19248E-01    0.53554E+04
    0.19637E-01    0.53248E+04
    0.20034E-01    0.52912E+04
    0.20438E-01    0.52540E+04
    0.20851E-01    0.52131E+04
    0.21272E-01    0.51687E+04
    0.21702E-01    0.51214E+04
    0.22141E-01    0.50717E+04
    0.22588E-01    0.50198E+04
    0.23044E-01    0.49663E+04
    0.23510E-01    0.49113E+04
    0.23985E-01    0.48545E+04
    0.24469E-01    0.47962E+04
    0.24964E-01    0.47363E+04
    0.25468E-01    0.46747E+04
    0.25982E-01    0.46114E+04
    0.26507E-01    0.45463E+04
    0.27043E-01    0.44795E+04
    0.27589E-01    0.44108E+04
    0.28146E-01    0.43403E+04
    0.28715E-01    0.42682E+04
    0.29295E-01    0.41947E+04
    0.29887E-01    0.41201E+04
    0.30490E-01    0.40446E+04
    0.31106E-01    0.39685E+04
    0.31735E-01    0.38921E+04
    0.32376E-01    0.38156E+04
    0.33030E-01    0.37394E+04
    0.33697E-01    0.36637E+04
    0.34378E-01    0.35888E+04
    0.35072E-01    0.35148E+04
    0.35781E-01    0.34419E+04
    0.36504E-01    0.33703E+04
    0.37241E-01    0.33000E+04
    0.37993E-01    0.32312E+04
    0.38761E-01    0.31640E+04
    0.39544E-01    0.30986E+04
    0.40343E-01    0.30350E+04
    0.41158E-01    0.29733E+04
    0.41989E-01    0.29136E+04
    0.42838E-01    0.28562E+04
    0.43703E-01    0.28013E+04
    0.44586E-01    0.27490E+04
    0.45486E-01    0.26994E+04
    0.46405E-01    0.26526E+04
    0.47343E-01    0.26083E+04
    0.48299E-01    0.25663E+04
    0.49275E-01    0.25264E+04
    0.50270E-01    0.24884E+04
    0.51286E-01    0.24522E+04
    0.52322E-01    0.24175E+04
    0.53379E-01    0.23842E+04
    0.54457E-01    0.23521E+04
    0.55557E-01    0.23209E+04
    0.56680E-01    0.22902E+04
    0.57825E-01    0.22596E+04
    0.58993E-01    0.22290E+04
    0.60184E-01    0.21979E+04
    0.61400E-01    0.21661E+04
    0.62641E-01    0.21334E+04
    0.63906E-01    0.20993E+04
    0.65197E-01    0.20632E+04
    0.66514E-01    0.20248E+04
    0.67858E-01    0.19844E+04
    0.69229E-01    0.19425E+04
    0.70627E-01    0.18996E+04
    0.72054E-01    0.18551E+04
    0.73510E-01    0.18078E+04
    0.74994E-01    0.17571E+04
    0.76509E-01    0.17036E+04
    0.78055E-01    0.16484E+04
    0.79632E-01    0.15924E+04
    0.81241E-01    0.15361E+04
    0.82882E-01    0.14797E+04
    0.84556E-01    0.14238E+04
    0.86264E-01    0.13690E+04
    0.88007E-01    0.13159E+04
    0.89785E-01    0.12651E+04
    0.91598E-01    0.12172E+04
    0.93449E-01    0.11724E+04
    0.95337E-01    0.11312E+04
    0.97263E-01    0.10939E+04
    0.99227E-01    0.10606E+04
    0.10123E+00    0.10310E+04
    0.10328E+00    0.10052E+04
    0.10536E+00    0.98272E+03
    0.10749E+00    0.96306E+03
    0.10966E+00    0.94566E+03
    0.11188E+00    0.92984E+03
    0.11414E+00    0.91491E+03
    0.11644E+00    0.90010E+03
    0.11880E+00    0.88467E+03
    0.12120E+00    0.86795E+03
    0.12365E+00    0.84933E+03
    0.12614E+00    0.82847E+03
    0.12869E+00    0.80517E+03
    0.13129E+00    0.77954E+03
    0.13394E+00    0.75186E+03
    0.13665E+00    0.72260E+03
    0.13941E+00    0.69237E+03
    0.14223E+00    0.66189E+03
    0.14510E+00    0.63192E+03
    0.14803E+00    0.60333E+03
    0.15102E+00    0.57689E+03
    0.15407E+00    0.55323E+03
    0.15718E+00    0.53269E+03
    0.16036E+00    0.51530E+03
    0.16360E+00    0.50074E+03
    0.16690E+00    0.48849E+03
    0.17028E+00    0.47793E+03
    0.17371E+00    0.46835E+03
    0.17722E+00    0.45904E+03
    0.18080E+00    0.44920E+03
    0.18446E+00    0.43815E+03
    0.18818E+00    0.42544E+03
    0.19198E+00    0.41100E+03
    0.19586E+00    0.39519E+03
    0.19982E+00    0.37859E+03
    0.20386E+00    0.36188E+03
    0.20797E+00    0.34573E+03
    0.21218E+00    0.33077E+03
    0.21646E+00    0.31749E+03
    0.22083E+00    0.30611E+03
    0.22530E+00    0.29656E+03
    0.22985E+00    0.28845E+03
    0.23449E+00    0.28122E+03
    0.23923E+00    0.27425E+03
    0.24406E+00    0.26693E+03
    0.24899E+00    0.25887E+03
    0.25402E+00    0.24996E+03
    0.25915E+00    0.24040E+03
    0.26439E+00    0.23060E+03
    0.26973E+00    0.22102E+03
    0.27518E+00    0.21212E+03
    0.28074E+00    0.20419E+03
    0.28641E+00    0.19730E+03
    0.29219E+00    0.19126E+03
    0.29810E+00    0.18571E+03
    0.30412E+00    0.18026E+03
    0.31026E+00    0.17462E+03
    0.31653E+00    0.16865E+03
    0.32292E+00    0.16243E+03
    0.32945E+00    0.15621E+03
    0.33610E+00    0.15029E+03
    0.34289E+00    0.14484E+03
    0.34982E+00    0.13991E+03
    0.35689E+00    0.13542E+03
    0.36409E+00    0.13117E+03
    0.37145E+00    0.12696E+03
    0.37895E+00    0.12268E+03
    0.38661E+00    0.11835E+03
    0.39442E+00    0.11409E+03
    0.40239E+00    0.11005E+03
    0.41052E+00    0.10628E+03
    0.41881E+00    0.10277E+03
    0.42727E+00    0.99436E+02
    0.43590E+00    0.96179E+02
    0.44471E+00    0.92955E+02
    0.45369E+00    0.89776E+02
    0.46286E+00    0.86706E+02
    0.47221E+00    0.83791E+02
    0.48174E+00    0.81031E+02
    0.49148E+00    0.78396E+02
    0.50141E+00    0.75837E+02
    0.51153E+00    0.73340E+02
    0.52187E+00    0.70913E+02
    0.53241E+00    0.68583E+02
    0.54317E+00    0.66355E+02
    0.55414E+00    0.64216E+02
    0.56533E+00    0.62148E+02
    0.57675E+00    0.60153E+02
    0.58840E+00    0.58227E+02
    0.60029E+00    0.56371E+02
    0.61242E+00    0.54583E+02
    0.62479E+00    0.52860E+02
    0.63741E+00    0.51199E+02
    0.65029E+00    0.49598E+02
    0.66342E+00    0.48054E+02
    0.67683E+00    0.46566E+02
    0.69050E+00    0.45131E+02
    0.70445E+00    0.43747E+02
    0.71868E+00    0.42412E+02
    0.73320E+00    0.41125E+02
    0.74801E+00    0.39882E+02
    0.76312E+00    0.38683E+02
    0.77854E+00    0.37526E+02
    0.79426E+00    0.36409E+02
    0.81031E+00    0.35332E+02
    0.82668E+00    0.34291E+02
    0.84338E+00    0.33286E+02
    0.86041E+00    0.32316E+02
    0.87780E+00    0.31379E+02
    0.89553E+00    0.30474E+02
    0.91362E+00    0.29600E+02
    0.93208E+00    0.28755E+02
    0.95091E+00    0.27938E+02
    0.97011E+00    0.27149E+02
    0.98971E+00    0.26386E+02
    0.10097E+01    0.25649E+02
    0.10301E+01    0.24935E+02
    0.10509E+01    0.24245E+02
    0.10721E+01    0.23577E+02
    0.10938E+01    0.22930E+02
    0.11159E+01    0.22305E+02
    0.11384E+01    0.21699E+02
    0.11614E+01    0.21112E+02
    0.11849E+01    0.20544E+02
    0.12088E+01    0.19993E+02
    0.12333E+01    0.19459E+02
    0.12582E+01    0.18942E+02
    0.12836E+01    0.18440E+02
    0.13095E+01    0.17954E+02
    0.13360E+01    0.17482E+02
    0.13630E+01    0.17024E+02
    0.13905E+01    0.16580E+02
    0.14186E+01    0.16149E+02
    0.14472E+01    0.15730E+02
    0.14765E+01    0.15323E+02
    0.15063E+01    0.14928E+02
    0.15367E+01    0.14544E+02
    0.15678E+01    0.14171E+02
    0.15994E+01    0.13809E+02
    0.16318E+01    0.13456E+02
    0.16647E+01    0.13113E+02
    0.16984E+01    0.12780E+02
    0.17327E+01    0.12456E+02
    0.17677E+01    0.12140E+02
    0.18034E+01    0.11832E+02
    0.18398E+01    0.11533E+02
    0.18770E+01    0.11241E+02
    0.19149E+01    0.10957E+02
    0.19536E+01    0.10680E+02
    0.19930E+01    0.10410E+02
    0.20333E+01    0.10147E+02
    0.20744E+01    0.98899E+01
    0.21163E+01    0.96396E+01
    0.21590E+01    0.93957E+01
    0.22026E+01    0.91578E+01
    0.22471E+01    0.89260E+01
    0.22925E+01    0.87000E+01
    0.23388E+01    0.84797E+01
    0.23861E+01    0.82649E+01
