    0.10000E-03    0.53435E+03
    0.10202E-03    0.54470E+03
    0.10408E-03    0.55526E+03
    0.10618E-03    0.56601E+03
    0.10833E-03    0.57698E+03
    0.11052E-03    0.58816E+03
    0.11275E-03    0.59955E+03
    0.11503E-03    0.61116E+03
    0.11735E-03    0.62300E+03
    0.11972E-03    0.63507E+03
    0.12214E-03    0.64737E+03
    0.12461E-03    0.65991E+03
    0.12712E-03    0.67269E+03
    0.12969E-03    0.68571E+03
    0.13231E-03    0.69899E+03
    0.13499E-03    0.71253E+03
    0.13771E-03    0.72632E+03
    0.14049E-03    0.74039E+03
    0.14333E-03    0.75472E+03
    0.14623E-03    0.76934E+03
    0.14918E-03    0.78423E+03
    0.15220E-03    0.79941E+03
    0.15527E-03    0.81489E+03
    0.15841E-03    0.83066E+03
    0.16161E-03    0.84674E+03
    0.16487E-03    0.86313E+03
    0.16820E-03    0.87983E+03
    0.17160E-03    0.89686E+03
    0.17507E-03    0.91421E+03
    0.17860E-03    0.93190E+03
    0.18221E-03    0.94993E+03
    0.18589E-03    0.96831E+03
    0.18965E-03    0.98704E+03
    0.19348E-03    0.10061E+04
    0.19739E-03    0.10256E+04
    0.20138E-03    0.10454E+04
    0.20544E-03    0.10656E+04
    0.20959E-03    0.10862E+04
    0.21383E-03    0.11072E+04
    0.21815E-03    0.11287E+04
    0.22255E-03    0.11505E+04
    0.22705E-03    0.11727E+04
    0.23164E-03    0.11954E+04
    0.23632E-03    0.12185E+04
    0.24109E-03    0.12420E+04
    0.24596E-03    0.12660E+04
    0.25093E-03    0.12905E+04
    0.25600E-03    0.13154E+04
    0.26117E-03    0.13408E+04
    0.26645E-03    0.13667E+04
    0.27183E-03    0.13930E+04
    0.27732E-03    0.14199E+04
    0.28292E-03    0.14473E+04
    0.28864E-03    0.14752E+04
    0.29447E-03    0.15037E+04
    0.30042E-03    0.15327E+04
    0.30649E-03    0.15623E+04
    0.31268E-03    0.15924E+04
    0.31899E-03    0.16231E+04
    0.32544E-03    0.16543E+04
    0.33201E-03    0.16862E+04
    0.33872E-03    0.17187E+04
    0.34556E-03    0.17518E+04
    0.35254E-03    0.17855E+04
    0.35966E-03    0.18199E+04
    0.36693E-03    0.18549E+04
    0.37434E-03    0.18906E+04
    0.38190E-03    0.19269E+04
    0.38962E-03    0.19640E+04
    0.39749E-03    0.20017E+04
    0.40552E-03    0.20402E+04
    0.41371E-03    0.20793E+04
    0.42207E-03    0.21193E+04
    0.43060E-03    0.21599E+04
    0.43929E-03    0.22014E+04
    0.44817E-03    0.22436E+04
    0.45722E-03    0.22866E+04
    0.46646E-03    0.23304E+04
    0.47588E-03    0.23750E+04
    0.48550E-03    0.24205E+04
    0.49530E-03    0.24668E+04
    0.50531E-03    0.25140E+04
    0.51552E-03    0.25621E+04
    0.52593E-03    0.26110E+04
    0.53656E-03    0.26609E+04
    0.54739E-03    0.27117E+04
    0.55845E-03    0.27634E+04
    0.56973E-03    0.28161E+04
    0.58124E-03    0.28698E+04
    0.59299E-03    0.29245E+04
    0.60496E-03    0.29801E+04
    0.61719E-03    0.30368E+04
    0.62965E-03    0.30945E+04
    0.64237E-03    0.31533E+04
    0.65535E-03    0.32132E+04
    0.66859E-03    0.32741E+04
    0.68210E-03    0.33362E+04
    0.69588E-03    0.33994E+04
    0.70993E-03    0.34638E+04
    0.72427E-03    0.35293E+04
    0.73891E-03    0.35960E+04
    0.75383E-03    0.36639E+04
    0.76906E-03    0.37330E+04
    0.78460E-03    0.38034E+04
    0.80045E-03    0.38750E+04
    0.81662E-03    0.39479E+04
    0.83311E-03    0.40221E+04
    0.84994E-03    0.40976E+04
    0.86711E-03    0.41745E+04
    0.88463E-03    0.42527E+04
    0.90250E-03    0.43324E+04
    0.92073E-03    0.44134E+04
    0.93933E-03    0.44958E+04
    0.95831E-03    0.45797E+04
    0.97767E-03    0.46651E+04
    0.99742E-03    0.47519E+04
    0.10176E-02    0.48403E+04
    0.10381E-02    0.49301E+04
    0.10591E-02    0.50216E+04
    0.10805E-02    0.51146E+04
    0.11023E-02    0.52091E+04
    0.11246E-02    0.53053E+04
    0.11473E-02    0.54032E+04
    0.11705E-02    0.55027E+04
    0.11941E-02    0.56038E+04
    0.12182E-02    0.57067E+04
    0.12429E-02    0.58113E+04
    0.12680E-02    0.59176E+04
    0.12936E-02    0.60257E+04
    0.13197E-02    0.61356E+04
    0.13464E-02    0.62473E+04
    0.13736E-02    0.63608E+04
    0.14013E-02    0.64761E+04
    0.14296E-02    0.65933E+04
    0.14585E-02    0.67124E+04
    0.14880E-02    0.68334E+04
    0.15180E-02    0.69564E+04
    0.15487E-02    0.70812E+04
    0.15800E-02    0.72081E+04
    0.16119E-02    0.73369E+04
    0.16445E-02    0.74677E+04
    0.16777E-02    0.76005E+04
    0.17116E-02    0.77354E+04
    0.17462E-02    0.78723E+04
    0.17814E-02    0.80113E+04
    0.18174E-02    0.81524E+04
    0.18541E-02    0.82956E+04
    0.18916E-02    0.84408E+04
    0.19298E-02    0.85883E+04
    0.19688E-02    0.87378E+04
    0.20086E-02    0.88895E+04
    0.20491E-02    0.90434E+04
    0.20905E-02    0.91994E+04
    0.21328E-02    0.93576E+04
    0.21758E-02    0.95180E+04
    0.22198E-02    0.96806E+04
    0.22646E-02    0.98454E+04
    0.23104E-02    0.10012E+05
    0.23571E-02    0.10182E+05
    0.24047E-02    0.10353E+05
    0.24533E-02    0.10527E+05
    0.25028E-02    0.10703E+05
    0.25534E-02    0.10881E+05
    0.26050E-02    0.11061E+05
    0.26576E-02    0.11244E+05
    0.27113E-02    0.11428E+05
    0.27660E-02    0.11615E+05
    0.28219E-02    0.11804E+05
    0.28789E-02    0.11996E+05
    0.29371E-02    0.12189E+05
    0.29964E-02    0.12385E+05
    0.30569E-02    0.12583E+05
    0.31187E-02    0.12783E+05
    0.31817E-02    0.12985E+05
    0.32460E-02    0.13189E+05
    0.33115E-02    0.13395E+05
    0.33784E-02    0.13603E+05
    0.34467E-02    0.13813E+05
    0.35163E-02    0.14026E+05
    0.35874E-02    0.14240E+05
    0.36598E-02    0.14456E+05
    0.37338E-02    0.14674E+05
    0.38092E-02    0.14893E+05
    0.38861E-02    0.15114E+05
    0.39646E-02    0.15337E+05
    0.40447E-02    0.15561E+05
    0.41264E-02    0.15788E+05
    0.42098E-02    0.16018E+05
    0.42948E-02    0.16249E+05
    0.43816E-02    0.16482E+05
    0.44701E-02    0.16716E+05
    0.45604E-02    0.16947E+05
    0.46525E-02    0.17177E+05
    0.47465E-02    0.17402E+05
    0.48424E-02    0.17627E+05
    0.49402E-02    0.17851E+05
    0.50400E-02    0.18077E+05
    0.51419E-02    0.18307E+05
    0.52457E-02    0.18542E+05
    0.53517E-02    0.18781E+05
    0.54598E-02    0.19022E+05
    0.55701E-02    0.19264E+05
    0.56826E-02    0.19506E+05
    0.57974E-02    0.19747E+05
    0.59145E-02    0.19987E+05
    0.60340E-02    0.20226E+05
    0.61559E-02    0.20465E+05
    0.62803E-02    0.20703E+05
    0.64072E-02    0.20941E+05
    0.65366E-02    0.21179E+05
    0.66686E-02    0.21415E+05
    0.68033E-02    0.21651E+05
    0.69408E-02    0.21886E+05
    0.70810E-02    0.22119E+05
    0.72240E-02    0.22350E+05
    0.73700E-02    0.22580E+05
    0.75189E-02    0.22807E+05
    0.76708E-02    0.23032E+05
    0.78257E-02    0.23255E+05
    0.79838E-02    0.23476E+05
    0.81451E-02    0.23694E+05
    0.83096E-02    0.23908E+05
    0.84775E-02    0.24120E+05
    0.86488E-02    0.24328E+05
    0.88235E-02    0.24532E+05
    0.90017E-02    0.24733E+05
    0.91836E-02    0.24929E+05
    0.93691E-02    0.25121E+05
    0.95583E-02    0.25308E+05
    0.97514E-02    0.25491E+05
    0.99484E-02    0.25668E+05
    0.10149E-01    0.25840E+05
    0.10354E-01    0.26006E+05
    0.10564E-01    0.26166E+05
    0.10777E-01    0.26319E+05
    0.10995E-01    0.26467E+05
    0.11217E-01    0.26607E+05
    0.11443E-01    0.26740E+05
    0.11675E-01    0.26865E+05
    0.11910E-01    0.26983E+05
    0.12151E-01    0.27092E+05
    0.12397E-01    0.27194E+05
    0.12647E-01    0.27288E+05
    0.12902E-01    0.27373E+05
    0.13163E-01    0.27448E+05
    0.13429E-01    0.27513E+05
    0.13700E-01    0.27566E+05
    0.13977E-01    0.27608E+05
    0.14259E-01    0.27638E+05
    0.14547E-01    0.27660E+05
    0.14841E-01    0.27673E+05
    0.15141E-01    0.27681E+05
    0.15447E-01    0.27684E+05
    0.15759E-01    0.27680E+05
    0.16077E-01    0.27667E+05
    0.16402E-01    0.27640E+05
    0.16734E-01    0.27598E+05
    0.17072E-01    0.27536E+05
    0.17416E-01    0.27457E+05
    0.17768E-01    0.27361E+05
    0.18127E-01    0.27251E+05
    0.18493E-01    0.27129E+05
    0.18867E-01    0.26997E+05
    0.19248E-01    0.26853E+05
    0.19637E-01    0.26695E+05
    0.20034E-01    0.26521E+05
    0.20438E-01    0.26330E+05
    0.20851E-01    0.26120E+05
    0.21272E-01    0.25893E+05
    0.21702E-01    0.25652E+05
    0.22141E-01    0.25397E+05
    0.22588E-01    0.25133E+05
    0.23044E-01    0.24860E+05
    0.23510E-01    0.24580E+05
    0.23985E-01    0.24291E+05
    0.24469E-01    0.23995E+05
    0.24964E-01    0.23690E+05
    0.25468E-01    0.23377E+05
    0.25982E-01    0.23056E+05
    0.26507E-01    0.22727E+05
    0.27043E-01    0.22388E+05
    0.27589E-01    0.22040E+05
    0.28146E-01    0.21684E+05
    0.28715E-01    0.21320E+05
    0.29295E-01    0.20949E+05
    0.29887E-01    0.20572E+05
    0.30490E-01    0.20192E+05
    0.31106E-01    0.19808E+05
    0.31735E-01    0.19423E+05
    0.32376E-01    0.19039E+05
    0.33030E-01    0.18655E+05
    0.33697E-01    0.18275E+05
    0.34378E-01    0.17898E+05
    0.35072E-01    0.17527E+05
    0.35781E-01    0.17161E+05
    0.36504E-01    0.16801E+05
    0.37241E-01    0.16449E+05
    0.37993E-01    0.16104E+05
    0.38761E-01    0.15768E+05
    0.39544E-01    0.15440E+05
    0.40343E-01    0.15121E+05
    0.41158E-01    0.14813E+05
    0.41989E-01    0.14515E+05
    0.42838E-01    0.14228E+05
    0.43703E-01    0.13953E+05
    0.44586E-01    0.13692E+05
    0.45486E-01    0.13444E+05
    0.46405E-01    0.13210E+05
    0.47343E-01    0.12989E+05
    0.48299E-01    0.12780E+05
    0.49275E-01    0.12581E+05
    0.50270E-01    0.12391E+05
    0.51286E-01    0.12211E+05
    0.52322E-01    0.12038E+05
    0.53379E-01    0.11872E+05
    0.54457E-01    0.11712E+05
    0.55557E-01    0.11557E+05
    0.56680E-01    0.11404E+05
    0.57825E-01    0.11253E+05
    0.58993E-01    0.11101E+05
    0.60184E-01    0.10947E+05
    0.61400E-01    0.10790E+05
    0.62641E-01    0.10629E+05
    0.63906E-01    0.10460E+05
    0.65197E-01    0.10283E+05
    0.66514E-01    0.10094E+05
    0.67858E-01    0.98959E+04
    0.69229E-01    0.96907E+04
    0.70627E-01    0.94809E+04
    0.72054E-01    0.92634E+04
    0.73510E-01    0.90329E+04
    0.74994E-01    0.87856E+04
    0.76509E-01    0.85250E+04
    0.78055E-01    0.82566E+04
    0.79632E-01    0.79847E+04
    0.81241E-01    0.77113E+04
    0.82882E-01    0.74380E+04
    0.84556E-01    0.71673E+04
    0.86264E-01    0.69023E+04
    0.88007E-01    0.66459E+04
    0.89785E-01    0.64010E+04
    0.91598E-01    0.61698E+04
    0.93449E-01    0.59545E+04
    0.95337E-01    0.57568E+04
    0.97263E-01    0.55780E+04
    0.99227E-01    0.54183E+04
    0.10123E+00    0.52774E+04
    0.10328E+00    0.51545E+04
    0.10536E+00    0.50476E+04
    0.10749E+00    0.49545E+04
    0.10966E+00    0.48724E+04
    0.11188E+00    0.47980E+04
    0.11414E+00    0.47279E+04
    0.11644E+00    0.46585E+04
    0.11880E+00    0.45861E+04
    0.12120E+00    0.45076E+04
    0.12365E+00    0.44200E+04
    0.12614E+00    0.43215E+04
    0.12869E+00    0.42114E+04
    0.13129E+00    0.40900E+04
    0.13394E+00    0.39588E+04
    0.13665E+00    0.38201E+04
    0.13941E+00    0.36768E+04
    0.14223E+00    0.35324E+04
    0.14510E+00    0.33905E+04
    0.14803E+00    0.32553E+04
    0.15102E+00    0.31304E+04
    0.15407E+00    0.30190E+04
    0.15718E+00    0.29225E+04
    0.16036E+00    0.28409E+04
    0.16360E+00    0.27728E+04
    0.16690E+00    0.27157E+04
    0.17028E+00    0.26665E+04
    0.17371E+00    0.26221E+04
    0.17722E+00    0.25788E+04
    0.18080E+00    0.25329E+04
    0.18446E+00    0.24813E+04
    0.18818E+00    0.24217E+04
    0.19198E+00    0.23538E+04
    0.19586E+00    0.22794E+04
    0.19982E+00    0.22013E+04
    0.20386E+00    0.21226E+04
    0.20797E+00    0.20466E+04
    0.21218E+00    0.19763E+04
    0.21646E+00    0.19139E+04
    0.22083E+00    0.18604E+04
    0.22530E+00    0.18153E+04
    0.22985E+00    0.17770E+04
    0.23449E+00    0.17427E+04
    0.23923E+00    0.17095E+04
    0.24406E+00    0.16747E+04
    0.24899E+00    0.16363E+04
    0.25402E+00    0.15940E+04
    0.25915E+00    0.15486E+04
    0.26439E+00    0.15021E+04
    0.26973E+00    0.14566E+04
    0.27518E+00    0.14143E+04
    0.28074E+00    0.13764E+04
    0.28641E+00    0.13432E+04
    0.29219E+00    0.13138E+04
    0.29810E+00    0.12866E+04
    0.30412E+00    0.12599E+04
    0.31026E+00    0.12322E+04
    0.31653E+00    0.12030E+04
    0.32292E+00    0.11726E+04
    0.32945E+00    0.11423E+04
    0.33610E+00    0.11133E+04
    0.34289E+00    0.10864E+04
    0.34982E+00    0.10618E+04
    0.35689E+00    0.10391E+04
    0.36409E+00    0.10174E+04
    0.37145E+00    0.99583E+03
    0.37895E+00    0.97397E+03
    0.38661E+00    0.95191E+03
    0.39442E+00    0.93017E+03
    0.40239E+00    0.90933E+03
    0.41052E+00    0.88965E+03
    0.41881E+00    0.87106E+03
    0.42727E+00    0.85320E+03
    0.43590E+00    0.83566E+03
    0.44471E+00    0.81825E+03
    0.45369E+00    0.80105E+03
    0.46286E+00    0.78430E+03
    0.47221E+00    0.76819E+03
    0.48174E+00    0.75270E+03
    0.49148E+00    0.73771E+03
    0.50141E+00    0.72304E+03
    0.51153E+00    0.70862E+03
    0.52187E+00    0.69450E+03
    0.53241E+00    0.68076E+03
    0.54317E+00    0.66742E+03
    0.55414E+00    0.65444E+03
    0.56533E+00    0.64174E+03
    0.57675E+00    0.62933E+03
    0.58840E+00    0.61719E+03
    0.60029E+00    0.60533E+03
    0.61242E+00    0.59373E+03
    0.62479E+00    0.58239E+03
    0.63741E+00    0.57129E+03
    0.65029E+00    0.56043E+03
    0.66342E+00    0.54978E+03
    0.67683E+00    0.53936E+03
    0.69050E+00    0.52913E+03
    0.70445E+00    0.51911E+03
    0.71868E+00    0.50927E+03
    0.73320E+00    0.49962E+03
    0.74801E+00    0.49014E+03
    0.76312E+00    0.48082E+03
    0.77854E+00    0.47167E+03
    0.79426E+00    0.46268E+03
    0.81031E+00    0.45384E+03
    0.82668E+00    0.44514E+03
    0.84338E+00    0.43658E+03
    0.86041E+00    0.42816E+03
    0.87780E+00    0.41987E+03
    0.89553E+00    0.41171E+03
    0.91362E+00    0.40366E+03
    0.93208E+00    0.39574E+03
    0.95091E+00    0.38794E+03
    0.97011E+00    0.38025E+03
    0.98971E+00    0.37266E+03
    0.10097E+01    0.36519E+03
    0.10301E+01    0.35782E+03
    0.10509E+01    0.35055E+03
    0.10721E+01    0.34338E+03
    0.10938E+01    0.33631E+03
    0.11159E+01    0.32933E+03
    0.11384E+01    0.32245E+03
    0.11614E+01    0.31566E+03
    0.11849E+01    0.30896E+03
    0.12088E+01    0.30235E+03
    0.12333E+01    0.29582E+03
    0.12582E+01    0.28938E+03
    0.12836E+01    0.28303E+03
    0.13095E+01    0.27676E+03
    0.13360E+01    0.27057E+03
    0.13630E+01    0.26446E+03
    0.13905E+01    0.25844E+03
    0.14186E+01    0.25250E+03
    0.14472E+01    0.24664E+03
    0.14765E+01    0.24086E+03
    0.15063E+01    0.23517E+03
    0.15367E+01    0.22956E+03
    0.15678E+01    0.22404E+03
    0.15994E+01    0.21859E+03
    0.16318E+01    0.21323E+03
    0.16647E+01    0.20796E+03
    0.16984E+01    0.20276E+03
    0.17327E+01    0.19764E+03
    0.17677E+01    0.19260E+03
    0.18034E+01    0.18764E+03
    0.18398E+01    0.18275E+03
    0.18770E+01    0.17793E+03
    0.19149E+01    0.17319E+03
    0.19536E+01    0.16852E+03
    0.19930E+01    0.16391E+03
    0.20333E+01    0.15939E+03
    0.20744E+01    0.15494E+03
    0.21163E+01    0.15057E+03
    0.21590E+01    0.14630E+03
    0.22026E+01    0.14212E+03
    0.22471E+01    0.13804E+03
    0.22925E+01    0.13406E+03
    0.23388E+01    0.13018E+03
    0.23861E+01    0.12641E+03
