    0.10000E-03    0.12077E+03
    0.10202E-03    0.12311E+03
    0.10408E-03    0.12549E+03
    0.10618E-03    0.12792E+03
    0.10833E-03    0.13040E+03
    0.11052E-03    0.13293E+03
    0.11275E-03    0.13550E+03
    0.11503E-03    0.13813E+03
    0.11735E-03    0.14080E+03
    0.11972E-03    0.14353E+03
    0.12214E-03    0.14631E+03
    0.12461E-03    0.14915E+03
    0.12712E-03    0.15203E+03
    0.12969E-03    0.15498E+03
    0.13231E-03    0.15798E+03
    0.13499E-03    0.16104E+03
    0.13771E-03    0.16416E+03
    0.14049E-03    0.16734E+03
    0.14333E-03    0.17058E+03
    0.14623E-03    0.17388E+03
    0.14918E-03    0.17725E+03
    0.15220E-03    0.18068E+03
    0.15527E-03    0.18418E+03
    0.15841E-03    0.18775E+03
    0.16161E-03    0.19138E+03
    0.16487E-03    0.19509E+03
    0.16820E-03    0.19886E+03
    0.17160E-03    0.20271E+03
    0.17507E-03    0.20663E+03
    0.17860E-03    0.21063E+03
    0.18221E-03    0.21471E+03
    0.18589E-03    0.21887E+03
    0.18965E-03    0.22310E+03
    0.19348E-03    0.22742E+03
    0.19739E-03    0.23182E+03
    0.20138E-03    0.23630E+03
    0.20544E-03    0.24087E+03
    0.20959E-03    0.24553E+03
    0.21383E-03    0.25028E+03
    0.21815E-03    0.25512E+03
    0.22255E-03    0.26006E+03
    0.22705E-03    0.26508E+03
    0.23164E-03    0.27021E+03
    0.23632E-03    0.27543E+03
    0.24109E-03    0.28076E+03
    0.24596E-03    0.28618E+03
    0.25093E-03    0.29171E+03
    0.25600E-03    0.29735E+03
    0.26117E-03    0.30309E+03
    0.26645E-03    0.30895E+03
    0.27183E-03    0.31492E+03
    0.27732E-03    0.32100E+03
    0.28292E-03    0.32720E+03
    0.28864E-03    0.33351E+03
    0.29447E-03    0.33995E+03
    0.30042E-03    0.34651E+03
    0.30649E-03    0.35320E+03
    0.31268E-03    0.36001E+03
    0.31899E-03    0.36696E+03
    0.32544E-03    0.37403E+03
    0.33201E-03    0.38124E+03
    0.33872E-03    0.38859E+03
    0.34556E-03    0.39608E+03
    0.35254E-03    0.40371E+03
    0.35966E-03    0.41149E+03
    0.36693E-03    0.41942E+03
    0.37434E-03    0.42749E+03
    0.38190E-03    0.43572E+03
    0.38962E-03    0.44411E+03
    0.39749E-03    0.45265E+03
    0.40552E-03    0.46135E+03
    0.41371E-03    0.47022E+03
    0.42207E-03    0.47926E+03
    0.43060E-03    0.48847E+03
    0.43929E-03    0.49785E+03
    0.44817E-03    0.50741E+03
    0.45722E-03    0.51715E+03
    0.46646E-03    0.52707E+03
    0.47588E-03    0.53718E+03
    0.48550E-03    0.54748E+03
    0.49530E-03    0.55797E+03
    0.50531E-03    0.56866E+03
    0.51552E-03    0.57954E+03
    0.52593E-03    0.59063E+03
    0.53656E-03    0.60193E+03
    0.54739E-03    0.61344E+03
    0.55845E-03    0.62516E+03
    0.56973E-03    0.63710E+03
    0.58124E-03    0.64926E+03
    0.59299E-03    0.66164E+03
    0.60496E-03    0.67426E+03
    0.61719E-03    0.68710E+03
    0.62965E-03    0.70018E+03
    0.64237E-03    0.71351E+03
    0.65535E-03    0.72707E+03
    0.66859E-03    0.74089E+03
    0.68210E-03    0.75496E+03
    0.69588E-03    0.76928E+03
    0.70993E-03    0.78386E+03
    0.72427E-03    0.79871E+03
    0.73891E-03    0.81383E+03
    0.75383E-03    0.82922E+03
    0.76906E-03    0.84489E+03
    0.78460E-03    0.86084E+03
    0.80045E-03    0.87708E+03
    0.81662E-03    0.89361E+03
    0.83311E-03    0.91043E+03
    0.84994E-03    0.92755E+03
    0.86711E-03    0.94498E+03
    0.88463E-03    0.96272E+03
    0.90250E-03    0.98077E+03
    0.92073E-03    0.99913E+03
    0.93933E-03    0.10178E+04
    0.95831E-03    0.10368E+04
    0.97767E-03    0.10562E+04
    0.99742E-03    0.10759E+04
    0.10176E-02    0.10959E+04
    0.10381E-02    0.11163E+04
    0.10591E-02    0.11370E+04
    0.10805E-02    0.11581E+04
    0.11023E-02    0.11795E+04
    0.11246E-02    0.12013E+04
    0.11473E-02    0.12235E+04
    0.11705E-02    0.12460E+04
    0.11941E-02    0.12690E+04
    0.12182E-02    0.12923E+04
    0.12429E-02    0.13160E+04
    0.12680E-02    0.13401E+04
    0.12936E-02    0.13646E+04
    0.13197E-02    0.13895E+04
    0.13464E-02    0.14148E+04
    0.13736E-02    0.14405E+04
    0.14013E-02    0.14666E+04
    0.14296E-02    0.14932E+04
    0.14585E-02    0.15202E+04
    0.14880E-02    0.15476E+04
    0.15180E-02    0.15755E+04
    0.15487E-02    0.16038E+04
    0.15800E-02    0.16325E+04
    0.16119E-02    0.16617E+04
    0.16445E-02    0.16913E+04
    0.16777E-02    0.17214E+04
    0.17116E-02    0.17520E+04
    0.17462E-02    0.17830E+04
    0.17814E-02    0.18145E+04
    0.18174E-02    0.18465E+04
    0.18541E-02    0.18789E+04
    0.18916E-02    0.19118E+04
    0.19298E-02    0.19452E+04
    0.19688E-02    0.19791E+04
    0.20086E-02    0.20135E+04
    0.20491E-02    0.20484E+04
    0.20905E-02    0.20837E+04
    0.21328E-02    0.21196E+04
    0.21758E-02    0.21559E+04
    0.22198E-02    0.21927E+04
    0.22646E-02    0.22301E+04
    0.23104E-02    0.22679E+04
    0.23571E-02    0.23063E+04
    0.24047E-02    0.23451E+04
    0.24533E-02    0.23845E+04
    0.25028E-02    0.24243E+04
    0.25534E-02    0.24647E+04
    0.26050E-02    0.25055E+04
    0.26576E-02    0.25469E+04
    0.27113E-02    0.25887E+04
    0.27660E-02    0.26311E+04
    0.28219E-02    0.26740E+04
    0.28789E-02    0.27173E+04
    0.29371E-02    0.27611E+04
    0.29964E-02    0.28055E+04
    0.30569E-02    0.28503E+04
    0.31187E-02    0.28956E+04
    0.31817E-02    0.29414E+04
    0.32460E-02    0.29876E+04
    0.33115E-02    0.30343E+04
    0.33784E-02    0.30815E+04
    0.34467E-02    0.31291E+04
    0.35163E-02    0.31772E+04
    0.35874E-02    0.32257E+04
    0.36598E-02    0.32746E+04
    0.37338E-02    0.33240E+04
    0.38092E-02    0.33737E+04
    0.38861E-02    0.34239E+04
    0.39646E-02    0.34744E+04
    0.40447E-02    0.35253E+04
    0.41264E-02    0.35767E+04
    0.42098E-02    0.36284E+04
    0.42948E-02    0.36805E+04
    0.43816E-02    0.37329E+04
    0.44701E-02    0.37856E+04
    0.45604E-02    0.38385E+04
    0.46525E-02    0.38914E+04
    0.47465E-02    0.39444E+04
    0.48424E-02    0.39975E+04
    0.49402E-02    0.40507E+04
    0.50400E-02    0.41043E+04
    0.51419E-02    0.41581E+04
    0.52457E-02    0.42123E+04
    0.53517E-02    0.42668E+04
    0.54598E-02    0.43215E+04
    0.55701E-02    0.43763E+04
    0.56826E-02    0.44311E+04
    0.57974E-02    0.44859E+04
    0.59145E-02    0.45407E+04
    0.60340E-02    0.45954E+04
    0.61559E-02    0.46501E+04
    0.62803E-02    0.47046E+04
    0.64072E-02    0.47591E+04
    0.65366E-02    0.48134E+04
    0.66686E-02    0.48675E+04
    0.68033E-02    0.49214E+04
    0.69408E-02    0.49750E+04
    0.70810E-02    0.50283E+04
    0.72240E-02    0.50812E+04
    0.73700E-02    0.51338E+04
    0.75189E-02    0.51859E+04
    0.76708E-02    0.52375E+04
    0.78257E-02    0.52887E+04
    0.79838E-02    0.53392E+04
    0.81451E-02    0.53892E+04
    0.83096E-02    0.54384E+04
    0.84775E-02    0.54870E+04
    0.86488E-02    0.55348E+04
    0.88235E-02    0.55818E+04
    0.90017E-02    0.56279E+04
    0.91836E-02    0.56731E+04
    0.93691E-02    0.57173E+04
    0.95583E-02    0.57604E+04
    0.97514E-02    0.58025E+04
    0.99484E-02    0.58434E+04
    0.10149E-01    0.58831E+04
    0.10354E-01    0.59215E+04
    0.10564E-01    0.59585E+04
    0.10777E-01    0.59941E+04
    0.10995E-01    0.60283E+04
    0.11217E-01    0.60609E+04
    0.11443E-01    0.60918E+04
    0.11675E-01    0.61210E+04
    0.11910E-01    0.61486E+04
    0.12151E-01    0.61743E+04
    0.12397E-01    0.61983E+04
    0.12647E-01    0.62204E+04
    0.12902E-01    0.62405E+04
    0.13163E-01    0.62584E+04
    0.13429E-01    0.62740E+04
    0.13700E-01    0.62870E+04
    0.13977E-01    0.62973E+04
    0.14259E-01    0.63052E+04
    0.14547E-01    0.63109E+04
    0.14841E-01    0.63148E+04
    0.15141E-01    0.63175E+04
    0.15447E-01    0.63190E+04
    0.15759E-01    0.63191E+04
    0.16077E-01    0.63170E+04
    0.16402E-01    0.63120E+04
    0.16734E-01    0.63032E+04
    0.17072E-01    0.62902E+04
    0.17416E-01    0.62731E+04
    0.17768E-01    0.62522E+04
    0.18127E-01    0.62282E+04
    0.18493E-01    0.62014E+04
    0.18867E-01    0.61721E+04
    0.19248E-01    0.61402E+04
    0.19637E-01    0.61052E+04
    0.20034E-01    0.60666E+04
    0.20438E-01    0.60239E+04
    0.20851E-01    0.59770E+04
    0.21272E-01    0.59261E+04
    0.21702E-01    0.58719E+04
    0.22141E-01    0.58148E+04
    0.22588E-01    0.57553E+04
    0.23044E-01    0.56940E+04
    0.23510E-01    0.56308E+04
    0.23985E-01    0.55658E+04
    0.24469E-01    0.54989E+04
    0.24964E-01    0.54301E+04
    0.25468E-01    0.53595E+04
    0.25982E-01    0.52869E+04
    0.26507E-01    0.52123E+04
    0.27043E-01    0.51357E+04
    0.27589E-01    0.50569E+04
    0.28146E-01    0.49761E+04
    0.28715E-01    0.48934E+04
    0.29295E-01    0.48092E+04
    0.29887E-01    0.47237E+04
    0.30490E-01    0.46372E+04
    0.31106E-01    0.45500E+04
    0.31735E-01    0.44624E+04
    0.32376E-01    0.43747E+04
    0.33030E-01    0.42874E+04
    0.33697E-01    0.42006E+04
    0.34378E-01    0.41148E+04
    0.35072E-01    0.40300E+04
    0.35781E-01    0.39464E+04
    0.36504E-01    0.38643E+04
    0.37241E-01    0.37838E+04
    0.37993E-01    0.37049E+04
    0.38761E-01    0.36280E+04
    0.39544E-01    0.35530E+04
    0.40343E-01    0.34801E+04
    0.41158E-01    0.34094E+04
    0.41989E-01    0.33411E+04
    0.42838E-01    0.32753E+04
    0.43703E-01    0.32124E+04
    0.44586E-01    0.31524E+04
    0.45486E-01    0.30956E+04
    0.46405E-01    0.30420E+04
    0.47343E-01    0.29913E+04
    0.48299E-01    0.29431E+04
    0.49275E-01    0.28974E+04
    0.50270E-01    0.28539E+04
    0.51286E-01    0.28124E+04
    0.52322E-01    0.27726E+04
    0.53379E-01    0.27345E+04
    0.54457E-01    0.26977E+04
    0.55557E-01    0.26620E+04
    0.56680E-01    0.26268E+04
    0.57825E-01    0.25918E+04
    0.58993E-01    0.25566E+04
    0.60184E-01    0.25210E+04
    0.61400E-01    0.24846E+04
    0.62641E-01    0.24471E+04
    0.63906E-01    0.24080E+04
    0.65197E-01    0.23666E+04
    0.66514E-01    0.23227E+04
    0.67858E-01    0.22764E+04
    0.69229E-01    0.22284E+04
    0.70627E-01    0.21793E+04
    0.72054E-01    0.21283E+04
    0.73510E-01    0.20742E+04
    0.74994E-01    0.20161E+04
    0.76509E-01    0.19548E+04
    0.78055E-01    0.18916E+04
    0.79632E-01    0.18276E+04
    0.81241E-01    0.17631E+04
    0.82882E-01    0.16986E+04
    0.84556E-01    0.16346E+04
    0.86264E-01    0.15719E+04
    0.88007E-01    0.15112E+04
    0.89785E-01    0.14531E+04
    0.91598E-01    0.13982E+04
    0.93449E-01    0.13470E+04
    0.95337E-01    0.12999E+04
    0.97263E-01    0.12572E+04
    0.99227E-01    0.12190E+04
    0.10123E+00    0.11852E+04
    0.10328E+00    0.11556E+04
    0.10536E+00    0.11299E+04
    0.10749E+00    0.11073E+04
    0.10966E+00    0.10874E+04
    0.11188E+00    0.10692E+04
    0.11414E+00    0.10521E+04
    0.11644E+00    0.10351E+04
    0.11880E+00    0.10174E+04
    0.12120E+00    0.99823E+03
    0.12365E+00    0.97689E+03
    0.12614E+00    0.95299E+03
    0.12869E+00    0.92632E+03
    0.13129E+00    0.89698E+03
    0.13394E+00    0.86531E+03
    0.13665E+00    0.83186E+03
    0.13941E+00    0.79729E+03
    0.14223E+00    0.76245E+03
    0.14510E+00    0.72820E+03
    0.14803E+00    0.69552E+03
    0.15102E+00    0.66529E+03
    0.15407E+00    0.63824E+03
    0.15718E+00    0.61475E+03
    0.16036E+00    0.59485E+03
    0.16360E+00    0.57817E+03
    0.16690E+00    0.56412E+03
    0.17028E+00    0.55200E+03
    0.17371E+00    0.54100E+03
    0.17722E+00    0.53030E+03
    0.18080E+00    0.51900E+03
    0.18446E+00    0.50632E+03
    0.18818E+00    0.49176E+03
    0.19198E+00    0.47524E+03
    0.19586E+00    0.45716E+03
    0.19982E+00    0.43818E+03
    0.20386E+00    0.41908E+03
    0.20797E+00    0.40062E+03
    0.21218E+00    0.38353E+03
    0.21646E+00    0.36834E+03
    0.22083E+00    0.35532E+03
    0.22530E+00    0.34437E+03
    0.22985E+00    0.33506E+03
    0.23449E+00    0.32676E+03
    0.23923E+00    0.31875E+03
    0.24406E+00    0.31035E+03
    0.24899E+00    0.30110E+03
    0.25402E+00    0.29090E+03
    0.25915E+00    0.27996E+03
    0.26439E+00    0.26874E+03
    0.26973E+00    0.25779E+03
    0.27518E+00    0.24760E+03
    0.28074E+00    0.23852E+03
    0.28641E+00    0.23062E+03
    0.29219E+00    0.22369E+03
    0.29810E+00    0.21731E+03
    0.30412E+00    0.21105E+03
    0.31026E+00    0.20457E+03
    0.31653E+00    0.19772E+03
    0.32292E+00    0.19059E+03
    0.32945E+00    0.18346E+03
    0.33610E+00    0.17667E+03
    0.34289E+00    0.17041E+03
    0.34982E+00    0.16475E+03
    0.35689E+00    0.15959E+03
    0.36409E+00    0.15470E+03
    0.37145E+00    0.14985E+03
    0.37895E+00    0.14493E+03
    0.38661E+00    0.13995E+03
    0.39442E+00    0.13506E+03
    0.40239E+00    0.13041E+03
    0.41052E+00    0.12607E+03
    0.41881E+00    0.12203E+03
    0.42727E+00    0.11818E+03
    0.43590E+00    0.11443E+03
    0.44471E+00    0.11071E+03
    0.45369E+00    0.10704E+03
    0.46286E+00    0.10350E+03
    0.47221E+00    0.10014E+03
    0.48174E+00    0.96948E+02
    0.49148E+00    0.93900E+02
    0.50141E+00    0.90940E+02
    0.51153E+00    0.88050E+02
    0.52187E+00    0.85240E+02
    0.53241E+00    0.82540E+02
    0.54317E+00    0.79957E+02
    0.55414E+00    0.77474E+02
    0.56533E+00    0.75073E+02
    0.57675E+00    0.72754E+02
    0.58840E+00    0.70515E+02
    0.60029E+00    0.68354E+02
    0.61242E+00    0.66271E+02
    0.62479E+00    0.64262E+02
    0.63741E+00    0.62324E+02
    0.65029E+00    0.60454E+02
    0.66342E+00    0.58650E+02
    0.67683E+00    0.56908E+02
    0.69050E+00    0.55227E+02
    0.70445E+00    0.53604E+02
    0.71868E+00    0.52037E+02
    0.73320E+00    0.50524E+02
    0.74801E+00    0.49062E+02
    0.76312E+00    0.47650E+02
    0.77854E+00    0.46286E+02
    0.79426E+00    0.44967E+02
    0.81031E+00    0.43693E+02
    0.82668E+00    0.42461E+02
    0.84338E+00    0.41270E+02
    0.86041E+00    0.40118E+02
    0.87780E+00    0.39005E+02
    0.89553E+00    0.37928E+02
    0.91362E+00    0.36886E+02
    0.93208E+00    0.35877E+02
    0.95091E+00    0.34901E+02
    0.97011E+00    0.33956E+02
    0.98971E+00    0.33041E+02
    0.10097E+01    0.32155E+02
    0.10301E+01    0.31297E+02
    0.10509E+01    0.30465E+02
    0.10721E+01    0.29659E+02
    0.10938E+01    0.28877E+02
    0.11159E+01    0.28120E+02
    0.11384E+01    0.27385E+02
    0.11614E+01    0.26672E+02
    0.11849E+01    0.25980E+02
    0.12088E+01    0.25308E+02
    0.12333E+01    0.24656E+02
    0.12582E+01    0.24023E+02
    0.12836E+01    0.23408E+02
    0.13095E+01    0.22811E+02
    0.13360E+01    0.22230E+02
    0.13630E+01    0.21666E+02
    0.13905E+01    0.21117E+02
    0.14186E+01    0.20583E+02
    0.14472E+01    0.20064E+02
    0.14765E+01    0.19559E+02
    0.15063E+01    0.19068E+02
    0.15367E+01    0.18590E+02
    0.15678E+01    0.18124E+02
    0.15994E+01    0.17670E+02
    0.16318E+01    0.17229E+02
    0.16647E+01    0.16799E+02
    0.16984E+01    0.16380E+02
    0.17327E+01    0.15971E+02
    0.17677E+01    0.15573E+02
    0.18034E+01    0.15184E+02
    0.18398E+01    0.14805E+02
    0.18770E+01    0.14435E+02
    0.19149E+01    0.14074E+02
    0.19536E+01    0.13721E+02
    0.19930E+01    0.13377E+02
    0.20333E+01    0.13041E+02
    0.20744E+01    0.12712E+02
    0.21163E+01    0.12392E+02
    0.21590E+01    0.12079E+02
    0.22026E+01    0.11773E+02
    0.22471E+01    0.11475E+02
    0.22925E+01    0.11185E+02
    0.23388E+01    0.10901E+02
    0.23861E+01    0.10625E+02
