    0.10000E-03    0.14180E+03
    0.10202E-03    0.14455E+03
    0.10408E-03    0.14735E+03
    0.10618E-03    0.15020E+03
    0.10833E-03    0.15311E+03
    0.11052E-03    0.15608E+03
    0.11275E-03    0.15910E+03
    0.11503E-03    0.16219E+03
    0.11735E-03    0.16533E+03
    0.11972E-03    0.16853E+03
    0.12214E-03    0.17180E+03
    0.12461E-03    0.17512E+03
    0.12712E-03    0.17852E+03
    0.12969E-03    0.18197E+03
    0.13231E-03    0.18550E+03
    0.13499E-03    0.18909E+03
    0.13771E-03    0.19275E+03
    0.14049E-03    0.19649E+03
    0.14333E-03    0.20029E+03
    0.14623E-03    0.20417E+03
    0.14918E-03    0.20812E+03
    0.15220E-03    0.21215E+03
    0.15527E-03    0.21626E+03
    0.15841E-03    0.22045E+03
    0.16161E-03    0.22471E+03
    0.16487E-03    0.22906E+03
    0.16820E-03    0.23350E+03
    0.17160E-03    0.23802E+03
    0.17507E-03    0.24262E+03
    0.17860E-03    0.24732E+03
    0.18221E-03    0.25211E+03
    0.18589E-03    0.25699E+03
    0.18965E-03    0.26196E+03
    0.19348E-03    0.26703E+03
    0.19739E-03    0.27219E+03
    0.20138E-03    0.27746E+03
    0.20544E-03    0.28283E+03
    0.20959E-03    0.28830E+03
    0.21383E-03    0.29387E+03
    0.21815E-03    0.29955E+03
    0.22255E-03    0.30535E+03
    0.22705E-03    0.31125E+03
    0.23164E-03    0.31727E+03
    0.23632E-03    0.32340E+03
    0.24109E-03    0.32965E+03
    0.24596E-03    0.33602E+03
    0.25093E-03    0.34252E+03
    0.25600E-03    0.34913E+03
    0.26117E-03    0.35588E+03
    0.26645E-03    0.36275E+03
    0.27183E-03    0.36976E+03
    0.27732E-03    0.37690E+03
    0.28292E-03    0.38418E+03
    0.28864E-03    0.39159E+03
    0.29447E-03    0.39915E+03
    0.30042E-03    0.40685E+03
    0.30649E-03    0.41470E+03
    0.31268E-03    0.42270E+03
    0.31899E-03    0.43086E+03
    0.32544E-03    0.43916E+03
    0.33201E-03    0.44763E+03
    0.33872E-03    0.45626E+03
    0.34556E-03    0.46505E+03
    0.35254E-03    0.47401E+03
    0.35966E-03    0.48314E+03
    0.36693E-03    0.49245E+03
    0.37434E-03    0.50193E+03
    0.38190E-03    0.51159E+03
    0.38962E-03    0.52143E+03
    0.39749E-03    0.53146E+03
    0.40552E-03    0.54168E+03
    0.41371E-03    0.55209E+03
    0.42207E-03    0.56270E+03
    0.43060E-03    0.57351E+03
    0.43929E-03    0.58453E+03
    0.44817E-03    0.59575E+03
    0.45722E-03    0.60718E+03
    0.46646E-03    0.61883E+03
    0.47588E-03    0.63069E+03
    0.48550E-03    0.64278E+03
    0.49530E-03    0.65510E+03
    0.50531E-03    0.66764E+03
    0.51552E-03    0.68042E+03
    0.52593E-03    0.69344E+03
    0.53656E-03    0.70670E+03
    0.54739E-03    0.72021E+03
    0.55845E-03    0.73397E+03
    0.56973E-03    0.74798E+03
    0.58124E-03    0.76225E+03
    0.59299E-03    0.77679E+03
    0.60496E-03    0.79159E+03
    0.61719E-03    0.80667E+03
    0.62965E-03    0.82203E+03
    0.64237E-03    0.83767E+03
    0.65535E-03    0.85359E+03
    0.66859E-03    0.86981E+03
    0.68210E-03    0.88632E+03
    0.69588E-03    0.90313E+03
    0.70993E-03    0.92025E+03
    0.72427E-03    0.93768E+03
    0.73891E-03    0.95542E+03
    0.75383E-03    0.97349E+03
    0.76906E-03    0.99188E+03
    0.78460E-03    0.10106E+04
    0.80045E-03    0.10297E+04
    0.81662E-03    0.10491E+04
    0.83311E-03    0.10688E+04
    0.84994E-03    0.10889E+04
    0.86711E-03    0.11093E+04
    0.88463E-03    0.11302E+04
    0.90250E-03    0.11513E+04
    0.92073E-03    0.11729E+04
    0.93933E-03    0.11948E+04
    0.95831E-03    0.12172E+04
    0.97767E-03    0.12399E+04
    0.99742E-03    0.12630E+04
    0.10176E-02    0.12865E+04
    0.10381E-02    0.13104E+04
    0.10591E-02    0.13347E+04
    0.10805E-02    0.13594E+04
    0.11023E-02    0.13846E+04
    0.11246E-02    0.14102E+04
    0.11473E-02    0.14362E+04
    0.11705E-02    0.14627E+04
    0.11941E-02    0.14896E+04
    0.12182E-02    0.15169E+04
    0.12429E-02    0.15448E+04
    0.12680E-02    0.15731E+04
    0.12936E-02    0.16018E+04
    0.13197E-02    0.16310E+04
    0.13464E-02    0.16607E+04
    0.13736E-02    0.16909E+04
    0.14013E-02    0.17216E+04
    0.14296E-02    0.17528E+04
    0.14585E-02    0.17844E+04
    0.14880E-02    0.18166E+04
    0.15180E-02    0.18493E+04
    0.15487E-02    0.18825E+04
    0.15800E-02    0.19163E+04
    0.16119E-02    0.19505E+04
    0.16445E-02    0.19853E+04
    0.16777E-02    0.20207E+04
    0.17116E-02    0.20565E+04
    0.17462E-02    0.20929E+04
    0.17814E-02    0.21299E+04
    0.18174E-02    0.21674E+04
    0.18541E-02    0.22055E+04
    0.18916E-02    0.22441E+04
    0.19298E-02    0.22833E+04
    0.19688E-02    0.23231E+04
    0.20086E-02    0.23635E+04
    0.20491E-02    0.24044E+04
    0.20905E-02    0.24459E+04
    0.21328E-02    0.24879E+04
    0.21758E-02    0.25306E+04
    0.22198E-02    0.25738E+04
    0.22646E-02    0.26177E+04
    0.23104E-02    0.26621E+04
    0.23571E-02    0.27071E+04
    0.24047E-02    0.27527E+04
    0.24533E-02    0.27989E+04
    0.25028E-02    0.28456E+04
    0.25534E-02    0.28930E+04
    0.26050E-02    0.29410E+04
    0.26576E-02    0.29895E+04
    0.27113E-02    0.30386E+04
    0.27660E-02    0.30884E+04
    0.28219E-02    0.31387E+04
    0.28789E-02    0.31895E+04
    0.29371E-02    0.32410E+04
    0.29964E-02    0.32930E+04
    0.30569E-02    0.33456E+04
    0.31187E-02    0.33988E+04
    0.31817E-02    0.34525E+04
    0.32460E-02    0.35068E+04
    0.33115E-02    0.35616E+04
    0.33784E-02    0.36170E+04
    0.34467E-02    0.36729E+04
    0.35163E-02    0.37293E+04
    0.35874E-02    0.37862E+04
    0.36598E-02    0.38437E+04
    0.37338E-02    0.39016E+04
    0.38092E-02    0.39600E+04
    0.38861E-02    0.40189E+04
    0.39646E-02    0.40782E+04
    0.40447E-02    0.41380E+04
    0.41264E-02    0.41982E+04
    0.42098E-02    0.42589E+04
    0.42948E-02    0.43201E+04
    0.43816E-02    0.43817E+04
    0.44701E-02    0.44435E+04
    0.45604E-02    0.45055E+04
    0.46525E-02    0.45676E+04
    0.47465E-02    0.46297E+04
    0.48424E-02    0.46918E+04
    0.49402E-02    0.47542E+04
    0.50400E-02    0.48169E+04
    0.51419E-02    0.48800E+04
    0.52457E-02    0.49435E+04
    0.53517E-02    0.50075E+04
    0.54598E-02    0.50716E+04
    0.55701E-02    0.51360E+04
    0.56826E-02    0.52003E+04
    0.57974E-02    0.52647E+04
    0.59145E-02    0.53289E+04
    0.60340E-02    0.53931E+04
    0.61559E-02    0.54572E+04
    0.62803E-02    0.55212E+04
    0.64072E-02    0.55851E+04
    0.65366E-02    0.56488E+04
    0.66686E-02    0.57123E+04
    0.68033E-02    0.57755E+04
    0.69408E-02    0.58384E+04
    0.70810E-02    0.59009E+04
    0.72240E-02    0.59630E+04
    0.73700E-02    0.60247E+04
    0.75189E-02    0.60858E+04
    0.76708E-02    0.61464E+04
    0.78257E-02    0.62064E+04
    0.79838E-02    0.62657E+04
    0.81451E-02    0.63243E+04
    0.83096E-02    0.63821E+04
    0.84775E-02    0.64391E+04
    0.86488E-02    0.64951E+04
    0.88235E-02    0.65502E+04
    0.90017E-02    0.66043E+04
    0.91836E-02    0.66573E+04
    0.93691E-02    0.67091E+04
    0.95583E-02    0.67598E+04
    0.97514E-02    0.68091E+04
    0.99484E-02    0.68570E+04
    0.10149E-01    0.69035E+04
    0.10354E-01    0.69486E+04
    0.10564E-01    0.69920E+04
    0.10777E-01    0.70338E+04
    0.10995E-01    0.70738E+04
    0.11217E-01    0.71120E+04
    0.11443E-01    0.71483E+04
    0.11675E-01    0.71825E+04
    0.11910E-01    0.72148E+04
    0.12151E-01    0.72450E+04
    0.12397E-01    0.72730E+04
    0.12647E-01    0.72989E+04
    0.12902E-01    0.73224E+04
    0.13163E-01    0.73434E+04
    0.13429E-01    0.73617E+04
    0.13700E-01    0.73769E+04
    0.13977E-01    0.73890E+04
    0.14259E-01    0.73981E+04
    0.14547E-01    0.74048E+04
    0.14841E-01    0.74094E+04
    0.15141E-01    0.74124E+04
    0.15447E-01    0.74142E+04
    0.15759E-01    0.74143E+04
    0.16077E-01    0.74117E+04
    0.16402E-01    0.74057E+04
    0.16734E-01    0.73954E+04
    0.17072E-01    0.73801E+04
    0.17416E-01    0.73599E+04
    0.17768E-01    0.73354E+04
    0.18127E-01    0.73072E+04
    0.18493E-01    0.72756E+04
    0.18867E-01    0.72413E+04
    0.19248E-01    0.72038E+04
    0.19637E-01    0.71626E+04
    0.20034E-01    0.71173E+04
    0.20438E-01    0.70672E+04
    0.20851E-01    0.70121E+04
    0.21272E-01    0.69523E+04
    0.21702E-01    0.68886E+04
    0.22141E-01    0.68216E+04
    0.22588E-01    0.67518E+04
    0.23044E-01    0.66798E+04
    0.23510E-01    0.66057E+04
    0.23985E-01    0.65293E+04
    0.24469E-01    0.64508E+04
    0.24964E-01    0.63701E+04
    0.25468E-01    0.62872E+04
    0.25982E-01    0.62021E+04
    0.26507E-01    0.61145E+04
    0.27043E-01    0.60246E+04
    0.27589E-01    0.59322E+04
    0.28146E-01    0.58373E+04
    0.28715E-01    0.57403E+04
    0.29295E-01    0.56415E+04
    0.29887E-01    0.55413E+04
    0.30490E-01    0.54398E+04
    0.31106E-01    0.53374E+04
    0.31735E-01    0.52347E+04
    0.32376E-01    0.51319E+04
    0.33030E-01    0.50294E+04
    0.33697E-01    0.49277E+04
    0.34378E-01    0.48270E+04
    0.35072E-01    0.47275E+04
    0.35781E-01    0.46296E+04
    0.36504E-01    0.45333E+04
    0.37241E-01    0.44388E+04
    0.37993E-01    0.43464E+04
    0.38761E-01    0.42561E+04
    0.39544E-01    0.41682E+04
    0.40343E-01    0.40828E+04
    0.41158E-01    0.39999E+04
    0.41989E-01    0.39198E+04
    0.42838E-01    0.38427E+04
    0.43703E-01    0.37689E+04
    0.44586E-01    0.36986E+04
    0.45486E-01    0.36320E+04
    0.46405E-01    0.35692E+04
    0.47343E-01    0.35097E+04
    0.48299E-01    0.34533E+04
    0.49275E-01    0.33997E+04
    0.50270E-01    0.33486E+04
    0.51286E-01    0.32999E+04
    0.52322E-01    0.32533E+04
    0.53379E-01    0.32086E+04
    0.54457E-01    0.31654E+04
    0.55557E-01    0.31235E+04
    0.56680E-01    0.30822E+04
    0.57825E-01    0.30411E+04
    0.58993E-01    0.29999E+04
    0.60184E-01    0.29581E+04
    0.61400E-01    0.29154E+04
    0.62641E-01    0.28715E+04
    0.63906E-01    0.28255E+04
    0.65197E-01    0.27771E+04
    0.66514E-01    0.27255E+04
    0.67858E-01    0.26712E+04
    0.69229E-01    0.26150E+04
    0.70627E-01    0.25574E+04
    0.72054E-01    0.24977E+04
    0.73510E-01    0.24343E+04
    0.74994E-01    0.23663E+04
    0.76509E-01    0.22945E+04
    0.78055E-01    0.22206E+04
    0.79632E-01    0.21456E+04
    0.81241E-01    0.20702E+04
    0.82882E-01    0.19947E+04
    0.84556E-01    0.19198E+04
    0.86264E-01    0.18465E+04
    0.88007E-01    0.17754E+04
    0.89785E-01    0.17074E+04
    0.91598E-01    0.16432E+04
    0.93449E-01    0.15833E+04
    0.95337E-01    0.15282E+04
    0.97263E-01    0.14783E+04
    0.99227E-01    0.14336E+04
    0.10123E+00    0.13940E+04
    0.10328E+00    0.13594E+04
    0.10536E+00    0.13292E+04
    0.10749E+00    0.13028E+04
    0.10966E+00    0.12794E+04
    0.11188E+00    0.12581E+04
    0.11414E+00    0.12379E+04
    0.11644E+00    0.12180E+04
    0.11880E+00    0.11972E+04
    0.12120E+00    0.11746E+04
    0.12365E+00    0.11496E+04
    0.12614E+00    0.11216E+04
    0.12869E+00    0.10904E+04
    0.13129E+00    0.10561E+04
    0.13394E+00    0.10190E+04
    0.13665E+00    0.97995E+03
    0.13941E+00    0.93958E+03
    0.14223E+00    0.89889E+03
    0.14510E+00    0.85889E+03
    0.14803E+00    0.82074E+03
    0.15102E+00    0.78544E+03
    0.15407E+00    0.75384E+03
    0.15718E+00    0.72639E+03
    0.16036E+00    0.70311E+03
    0.16360E+00    0.68357E+03
    0.16690E+00    0.66710E+03
    0.17028E+00    0.65286E+03
    0.17371E+00    0.63993E+03
    0.17722E+00    0.62735E+03
    0.18080E+00    0.61407E+03
    0.18446E+00    0.59920E+03
    0.18818E+00    0.58214E+03
    0.19198E+00    0.56282E+03
    0.19586E+00    0.54170E+03
    0.19982E+00    0.51955E+03
    0.20386E+00    0.49726E+03
    0.20797E+00    0.47573E+03
    0.21218E+00    0.45578E+03
    0.21646E+00    0.43804E+03
    0.22083E+00    0.42281E+03
    0.22530E+00    0.40999E+03
    0.22985E+00    0.39907E+03
    0.23449E+00    0.38931E+03
    0.23923E+00    0.37989E+03
    0.24406E+00    0.37002E+03
    0.24899E+00    0.35919E+03
    0.25402E+00    0.34725E+03
    0.25915E+00    0.33446E+03
    0.26439E+00    0.32136E+03
    0.26973E+00    0.30857E+03
    0.27518E+00    0.29667E+03
    0.28074E+00    0.28605E+03
    0.28641E+00    0.27679E+03
    0.29219E+00    0.26865E+03
    0.29810E+00    0.26115E+03
    0.30412E+00    0.25379E+03
    0.31026E+00    0.24619E+03
    0.31653E+00    0.23816E+03
    0.32292E+00    0.22981E+03
    0.32945E+00    0.22146E+03
    0.33610E+00    0.21351E+03
    0.34289E+00    0.20618E+03
    0.34982E+00    0.19953E+03
    0.35689E+00    0.19347E+03
    0.36409E+00    0.18771E+03
    0.37145E+00    0.18200E+03
    0.37895E+00    0.17621E+03
    0.38661E+00    0.17037E+03
    0.39442E+00    0.16463E+03
    0.40239E+00    0.15916E+03
    0.41052E+00    0.15405E+03
    0.41881E+00    0.14928E+03
    0.42727E+00    0.14475E+03
    0.43590E+00    0.14032E+03
    0.44471E+00    0.13593E+03
    0.45369E+00    0.13161E+03
    0.46286E+00    0.12743E+03
    0.47221E+00    0.12345E+03
    0.48174E+00    0.11968E+03
    0.49148E+00    0.11607E+03
    0.50141E+00    0.11256E+03
    0.51153E+00    0.10914E+03
    0.52187E+00    0.10581E+03
    0.53241E+00    0.10260E+03
    0.54317E+00    0.99533E+02
    0.55414E+00    0.96580E+02
    0.56533E+00    0.93723E+02
    0.57675E+00    0.90960E+02
    0.58840E+00    0.88290E+02
    0.60029E+00    0.85712E+02
    0.61242E+00    0.83223E+02
    0.62479E+00    0.80819E+02
    0.63741E+00    0.78499E+02
    0.65029E+00    0.76257E+02
    0.66342E+00    0.74091E+02
    0.67683E+00    0.71998E+02
    0.69050E+00    0.69975E+02
    0.70445E+00    0.68020E+02
    0.71868E+00    0.66129E+02
    0.73320E+00    0.64300E+02
    0.74801E+00    0.62532E+02
    0.76312E+00    0.60821E+02
    0.77854E+00    0.59165E+02
    0.79426E+00    0.57562E+02
    0.81031E+00    0.56011E+02
    0.82668E+00    0.54509E+02
    0.84338E+00    0.53055E+02
    0.86041E+00    0.51646E+02
    0.87780E+00    0.50281E+02
    0.89553E+00    0.48959E+02
    0.91362E+00    0.47678E+02
    0.93208E+00    0.46435E+02
    0.95091E+00    0.45231E+02
    0.97011E+00    0.44062E+02
    0.98971E+00    0.42929E+02
    0.10097E+01    0.41829E+02
    0.10301E+01    0.40761E+02
    0.10509E+01    0.39725E+02
    0.10721E+01    0.38718E+02
    0.10938E+01    0.37740E+02
    0.11159E+01    0.36790E+02
    0.11384E+01    0.35867E+02
    0.11614E+01    0.34970E+02
    0.11849E+01    0.34097E+02
    0.12088E+01    0.33248E+02
    0.12333E+01    0.32422E+02
    0.12582E+01    0.31619E+02
    0.12836E+01    0.30836E+02
    0.13095E+01    0.30075E+02
    0.13360E+01    0.29333E+02
    0.13630E+01    0.28610E+02
    0.13905E+01    0.27906E+02
    0.14186E+01    0.27220E+02
    0.14472E+01    0.26552E+02
    0.14765E+01    0.25900E+02
    0.15063E+01    0.25264E+02
    0.15367E+01    0.24645E+02
    0.15678E+01    0.24040E+02
    0.15994E+01    0.23451E+02
    0.16318E+01    0.22875E+02
    0.16647E+01    0.22314E+02
    0.16984E+01    0.21765E+02
    0.17327E+01    0.21230E+02
    0.17677E+01    0.20707E+02
    0.18034E+01    0.20196E+02
    0.18398E+01    0.19697E+02
    0.18770E+01    0.19208E+02
    0.19149E+01    0.18731E+02
    0.19536E+01    0.18263E+02
    0.19930E+01    0.17806E+02
    0.20333E+01    0.17359E+02
    0.20744E+01    0.16921E+02
    0.21163E+01    0.16493E+02
    0.21590E+01    0.16075E+02
    0.22026E+01    0.15667E+02
    0.22471E+01    0.15269E+02
    0.22925E+01    0.14880E+02
    0.23388E+01    0.14501E+02
    0.23861E+01    0.14131E+02
