    0.10000E-03    0.49110E+02
    0.10202E-03    0.50061E+02
    0.10408E-03    0.51031E+02
    0.10618E-03    0.52020E+02
    0.10833E-03    0.53028E+02
    0.11052E-03    0.54055E+02
    0.11275E-03    0.55103E+02
    0.11503E-03    0.56170E+02
    0.11735E-03    0.57258E+02
    0.11972E-03    0.58368E+02
    0.12214E-03    0.59498E+02
    0.12461E-03    0.60651E+02
    0.12712E-03    0.61826E+02
    0.12969E-03    0.63024E+02
    0.13231E-03    0.64244E+02
    0.13499E-03    0.65489E+02
    0.13771E-03    0.66757E+02
    0.14049E-03    0.68050E+02
    0.14333E-03    0.69368E+02
    0.14623E-03    0.70712E+02
    0.14918E-03    0.72081E+02
    0.15220E-03    0.73477E+02
    0.15527E-03    0.74900E+02
    0.15841E-03    0.76350E+02
    0.16161E-03    0.77828E+02
    0.16487E-03    0.79335E+02
    0.16820E-03    0.80871E+02
    0.17160E-03    0.82437E+02
    0.17507E-03    0.84033E+02
    0.17860E-03    0.85660E+02
    0.18221E-03    0.87318E+02
    0.18589E-03    0.89008E+02
    0.18965E-03    0.90730E+02
    0.19348E-03    0.92486E+02
    0.19739E-03    0.94276E+02
    0.20138E-03    0.96100E+02
    0.20544E-03    0.97960E+02
    0.20959E-03    0.99855E+02
    0.21383E-03    0.10179E+03
    0.21815E-03    0.10376E+03
    0.22255E-03    0.10576E+03
    0.22705E-03    0.10781E+03
    0.23164E-03    0.10989E+03
    0.23632E-03    0.11202E+03
    0.24109E-03    0.11418E+03
    0.24596E-03    0.11639E+03
    0.25093E-03    0.11864E+03
    0.25600E-03    0.12094E+03
    0.26117E-03    0.12327E+03
    0.26645E-03    0.12565E+03
    0.27183E-03    0.12808E+03
    0.27732E-03    0.13056E+03
    0.28292E-03    0.13308E+03
    0.28864E-03    0.13565E+03
    0.29447E-03    0.13827E+03
    0.30042E-03    0.14094E+03
    0.30649E-03    0.14366E+03
    0.31268E-03    0.14643E+03
    0.31899E-03    0.14926E+03
    0.32544E-03    0.15214E+03
    0.33201E-03    0.15507E+03
    0.33872E-03    0.15806E+03
    0.34556E-03    0.16111E+03
    0.35254E-03    0.16422E+03
    0.35966E-03    0.16738E+03
    0.36693E-03    0.17061E+03
    0.37434E-03    0.17390E+03
    0.38190E-03    0.17725E+03
    0.38962E-03    0.18066E+03
    0.39749E-03    0.18414E+03
    0.40552E-03    0.18768E+03
    0.41371E-03    0.19129E+03
    0.42207E-03    0.19497E+03
    0.43060E-03    0.19872E+03
    0.43929E-03    0.20254E+03
    0.44817E-03    0.20644E+03
    0.45722E-03    0.21040E+03
    0.46646E-03    0.21444E+03
    0.47588E-03    0.21856E+03
    0.48550E-03    0.22275E+03
    0.49530E-03    0.22703E+03
    0.50531E-03    0.23138E+03
    0.51552E-03    0.23581E+03
    0.52593E-03    0.24033E+03
    0.53656E-03    0.24493E+03
    0.54739E-03    0.24962E+03
    0.55845E-03    0.25440E+03
    0.56973E-03    0.25926E+03
    0.58124E-03    0.26422E+03
    0.59299E-03    0.26926E+03
    0.60496E-03    0.27440E+03
    0.61719E-03    0.27964E+03
    0.62965E-03    0.28497E+03
    0.64237E-03    0.29040E+03
    0.65535E-03    0.29593E+03
    0.66859E-03    0.30156E+03
    0.68210E-03    0.30730E+03
    0.69588E-03    0.31314E+03
    0.70993E-03    0.31908E+03
    0.72427E-03    0.32514E+03
    0.73891E-03    0.33130E+03
    0.75383E-03    0.33758E+03
    0.76906E-03    0.34397E+03
    0.78460E-03    0.35047E+03
    0.80045E-03    0.35710E+03
    0.81662E-03    0.36384E+03
    0.83311E-03    0.37070E+03
    0.84994E-03    0.37768E+03
    0.86711E-03    0.38479E+03
    0.88463E-03    0.39203E+03
    0.90250E-03    0.39939E+03
    0.92073E-03    0.40688E+03
    0.93933E-03    0.41451E+03
    0.95831E-03    0.42227E+03
    0.97767E-03    0.43016E+03
    0.99742E-03    0.43819E+03
    0.10176E-02    0.44636E+03
    0.10381E-02    0.45467E+03
    0.10591E-02    0.46313E+03
    0.10805E-02    0.47173E+03
    0.11023E-02    0.48048E+03
    0.11246E-02    0.48938E+03
    0.11473E-02    0.49842E+03
    0.11705E-02    0.50762E+03
    0.11941E-02    0.51698E+03
    0.12182E-02    0.52649E+03
    0.12429E-02    0.53617E+03
    0.12680E-02    0.54600E+03
    0.12936E-02    0.55599E+03
    0.13197E-02    0.56615E+03
    0.13464E-02    0.57648E+03
    0.13736E-02    0.58697E+03
    0.14013E-02    0.59764E+03
    0.14296E-02    0.60847E+03
    0.14585E-02    0.61948E+03
    0.14880E-02    0.63067E+03
    0.15180E-02    0.64203E+03
    0.15487E-02    0.65358E+03
    0.15800E-02    0.66530E+03
    0.16119E-02    0.67721E+03
    0.16445E-02    0.68930E+03
    0.16777E-02    0.70157E+03
    0.17116E-02    0.71404E+03
    0.17462E-02    0.72669E+03
    0.17814E-02    0.73954E+03
    0.18174E-02    0.75258E+03
    0.18541E-02    0.76581E+03
    0.18916E-02    0.77924E+03
    0.19298E-02    0.79286E+03
    0.19688E-02    0.80668E+03
    0.20086E-02    0.82070E+03
    0.20491E-02    0.83491E+03
    0.20905E-02    0.84933E+03
    0.21328E-02    0.86395E+03
    0.21758E-02    0.87878E+03
    0.22198E-02    0.89380E+03
    0.22646E-02    0.90903E+03
    0.23104E-02    0.92447E+03
    0.23571E-02    0.94010E+03
    0.24047E-02    0.95595E+03
    0.24533E-02    0.97199E+03
    0.25028E-02    0.98825E+03
    0.25534E-02    0.10047E+04
    0.26050E-02    0.10214E+04
    0.26576E-02    0.10382E+04
    0.27113E-02    0.10553E+04
    0.27660E-02    0.10726E+04
    0.28219E-02    0.10901E+04
    0.28789E-02    0.11077E+04
    0.29371E-02    0.11256E+04
    0.29964E-02    0.11437E+04
    0.30569E-02    0.11620E+04
    0.31187E-02    0.11804E+04
    0.31817E-02    0.11991E+04
    0.32460E-02    0.12180E+04
    0.33115E-02    0.12370E+04
    0.33784E-02    0.12562E+04
    0.34467E-02    0.12757E+04
    0.35163E-02    0.12953E+04
    0.35874E-02    0.13150E+04
    0.36598E-02    0.13350E+04
    0.37338E-02    0.13551E+04
    0.38092E-02    0.13754E+04
    0.38861E-02    0.13959E+04
    0.39646E-02    0.14165E+04
    0.40447E-02    0.14373E+04
    0.41264E-02    0.14582E+04
    0.42098E-02    0.14793E+04
    0.42948E-02    0.15005E+04
    0.43816E-02    0.15218E+04
    0.44701E-02    0.15433E+04
    0.45604E-02    0.15649E+04
    0.46525E-02    0.15865E+04
    0.47465E-02    0.16083E+04
    0.48424E-02    0.16301E+04
    0.49402E-02    0.16520E+04
    0.50400E-02    0.16740E+04
    0.51419E-02    0.16961E+04
    0.52457E-02    0.17182E+04
    0.53517E-02    0.17405E+04
    0.54598E-02    0.17628E+04
    0.55701E-02    0.17851E+04
    0.56826E-02    0.18075E+04
    0.57974E-02    0.18298E+04
    0.59145E-02    0.18522E+04
    0.60340E-02    0.18746E+04
    0.61559E-02    0.18969E+04
    0.62803E-02    0.19192E+04
    0.64072E-02    0.19414E+04
    0.65366E-02    0.19636E+04
    0.66686E-02    0.19857E+04
    0.68033E-02    0.20077E+04
    0.69408E-02    0.20296E+04
    0.70810E-02    0.20513E+04
    0.72240E-02    0.20730E+04
    0.73700E-02    0.20944E+04
    0.75189E-02    0.21157E+04
    0.76708E-02    0.21368E+04
    0.78257E-02    0.21577E+04
    0.79838E-02    0.21784E+04
    0.81451E-02    0.21988E+04
    0.83096E-02    0.22189E+04
    0.84775E-02    0.22388E+04
    0.86488E-02    0.22583E+04
    0.88235E-02    0.22775E+04
    0.90017E-02    0.22963E+04
    0.91836E-02    0.23148E+04
    0.93691E-02    0.23329E+04
    0.95583E-02    0.23505E+04
    0.97514E-02    0.23677E+04
    0.99484E-02    0.23844E+04
    0.10149E-01    0.24007E+04
    0.10354E-01    0.24164E+04
    0.10564E-01    0.24315E+04
    0.10777E-01    0.24461E+04
    0.10995E-01    0.24601E+04
    0.11217E-01    0.24734E+04
    0.11443E-01    0.24861E+04
    0.11675E-01    0.24981E+04
    0.11910E-01    0.25093E+04
    0.12151E-01    0.25199E+04
    0.12397E-01    0.25297E+04
    0.12647E-01    0.25388E+04
    0.12902E-01    0.25470E+04
    0.13163E-01    0.25544E+04
    0.13429E-01    0.25608E+04
    0.13700E-01    0.25662E+04
    0.13977E-01    0.25704E+04
    0.14259E-01    0.25737E+04
    0.14547E-01    0.25760E+04
    0.14841E-01    0.25777E+04
    0.15141E-01    0.25788E+04
    0.15447E-01    0.25795E+04
    0.15759E-01    0.25796E+04
    0.16077E-01    0.25788E+04
    0.16402E-01    0.25768E+04
    0.16734E-01    0.25733E+04
    0.17072E-01    0.25680E+04
    0.17416E-01    0.25611E+04
    0.17768E-01    0.25526E+04
    0.18127E-01    0.25428E+04
    0.18493E-01    0.25319E+04
    0.18867E-01    0.25201E+04
    0.19248E-01    0.25071E+04
    0.19637E-01    0.24928E+04
    0.20034E-01    0.24771E+04
    0.20438E-01    0.24597E+04
    0.20851E-01    0.24406E+04
    0.21272E-01    0.24198E+04
    0.21702E-01    0.23977E+04
    0.22141E-01    0.23744E+04
    0.22588E-01    0.23502E+04
    0.23044E-01    0.23252E+04
    0.23510E-01    0.22994E+04
    0.23985E-01    0.22729E+04
    0.24469E-01    0.22456E+04
    0.24964E-01    0.22175E+04
    0.25468E-01    0.21887E+04
    0.25982E-01    0.21590E+04
    0.26507E-01    0.21286E+04
    0.27043E-01    0.20972E+04
    0.27589E-01    0.20651E+04
    0.28146E-01    0.20320E+04
    0.28715E-01    0.19983E+04
    0.29295E-01    0.19638E+04
    0.29887E-01    0.19289E+04
    0.30490E-01    0.18935E+04
    0.31106E-01    0.18578E+04
    0.31735E-01    0.18220E+04
    0.32376E-01    0.17862E+04
    0.33030E-01    0.17504E+04
    0.33697E-01    0.17149E+04
    0.34378E-01    0.16798E+04
    0.35072E-01    0.16451E+04
    0.35781E-01    0.16109E+04
    0.36504E-01    0.15772E+04
    0.37241E-01    0.15443E+04
    0.37993E-01    0.15120E+04
    0.38761E-01    0.14804E+04
    0.39544E-01    0.14497E+04
    0.40343E-01    0.14198E+04
    0.41158E-01    0.13909E+04
    0.41989E-01    0.13629E+04
    0.42838E-01    0.13359E+04
    0.43703E-01    0.13101E+04
    0.44586E-01    0.12855E+04
    0.45486E-01    0.12622E+04
    0.46405E-01    0.12402E+04
    0.47343E-01    0.12194E+04
    0.48299E-01    0.11996E+04
    0.49275E-01    0.11809E+04
    0.50270E-01    0.11630E+04
    0.51286E-01    0.11459E+04
    0.52322E-01    0.11296E+04
    0.53379E-01    0.11140E+04
    0.54457E-01    0.10989E+04
    0.55557E-01    0.10842E+04
    0.56680E-01    0.10697E+04
    0.57825E-01    0.10554E+04
    0.58993E-01    0.10409E+04
    0.60184E-01    0.10263E+04
    0.61400E-01    0.10114E+04
    0.62641E-01    0.99599E+03
    0.63906E-01    0.97992E+03
    0.65197E-01    0.96294E+03
    0.66514E-01    0.94487E+03
    0.67858E-01    0.92584E+03
    0.69229E-01    0.90613E+03
    0.70627E-01    0.88594E+03
    0.72054E-01    0.86497E+03
    0.73510E-01    0.84272E+03
    0.74994E-01    0.81881E+03
    0.76509E-01    0.79358E+03
    0.78055E-01    0.76757E+03
    0.79632E-01    0.74118E+03
    0.81241E-01    0.71461E+03
    0.82882E-01    0.68802E+03
    0.84556E-01    0.66164E+03
    0.86264E-01    0.63578E+03
    0.88007E-01    0.61073E+03
    0.89785E-01    0.58676E+03
    0.91598E-01    0.56410E+03
    0.93449E-01    0.54297E+03
    0.95337E-01    0.52354E+03
    0.97263E-01    0.50593E+03
    0.99227E-01    0.49018E+03
    0.10123E+00    0.47625E+03
    0.10328E+00    0.46409E+03
    0.10536E+00    0.45349E+03
    0.10749E+00    0.44423E+03
    0.10966E+00    0.43605E+03
    0.11188E+00    0.42863E+03
    0.11414E+00    0.42163E+03
    0.11644E+00    0.41469E+03
    0.11880E+00    0.40746E+03
    0.12120E+00    0.39961E+03
    0.12365E+00    0.39087E+03
    0.12614E+00    0.38105E+03
    0.12869E+00    0.37008E+03
    0.13129E+00    0.35800E+03
    0.13394E+00    0.34494E+03
    0.13665E+00    0.33112E+03
    0.13941E+00    0.31684E+03
    0.14223E+00    0.30243E+03
    0.14510E+00    0.28826E+03
    0.14803E+00    0.27474E+03
    0.15102E+00    0.26225E+03
    0.15407E+00    0.25108E+03
    0.15718E+00    0.24139E+03
    0.16036E+00    0.23320E+03
    0.16360E+00    0.22637E+03
    0.16690E+00    0.22064E+03
    0.17028E+00    0.21571E+03
    0.17371E+00    0.21126E+03
    0.17722E+00    0.20693E+03
    0.18080E+00    0.20235E+03
    0.18446E+00    0.19720E+03
    0.18818E+00    0.19124E+03
    0.19198E+00    0.18446E+03
    0.19586E+00    0.17701E+03
    0.19982E+00    0.16918E+03
    0.20386E+00    0.16129E+03
    0.20797E+00    0.15367E+03
    0.21218E+00    0.14662E+03
    0.21646E+00    0.14037E+03
    0.22083E+00    0.13503E+03
    0.22530E+00    0.13057E+03
    0.22985E+00    0.12680E+03
    0.23449E+00    0.12346E+03
    0.23923E+00    0.12023E+03
    0.24406E+00    0.11684E+03
    0.24899E+00    0.11309E+03
    0.25402E+00    0.10893E+03
    0.25915E+00    0.10445E+03
    0.26439E+00    0.99852E+02
    0.26973E+00    0.95358E+02
    0.27518E+00    0.91187E+02
    0.28074E+00    0.87484E+02
    0.28641E+00    0.84283E+02
    0.29219E+00    0.81493E+02
    0.29810E+00    0.78939E+02
    0.30412E+00    0.76432E+02
    0.31026E+00    0.73829E+02
    0.31653E+00    0.71065E+02
    0.32292E+00    0.68175E+02
    0.32945E+00    0.65284E+02
    0.33610E+00    0.62534E+02
    0.34289E+00    0.60012E+02
    0.34982E+00    0.57743E+02
    0.35689E+00    0.55688E+02
    0.36409E+00    0.53748E+02
    0.37145E+00    0.51820E+02
    0.37895E+00    0.49859E+02
    0.38661E+00    0.47874E+02
    0.39442E+00    0.45921E+02
    0.40239E+00    0.44069E+02
    0.41052E+00    0.42350E+02
    0.41881E+00    0.40758E+02
    0.42727E+00    0.39251E+02
    0.43590E+00    0.37779E+02
    0.44471E+00    0.36321E+02
    0.45369E+00    0.34883E+02
    0.46286E+00    0.33497E+02
    0.47221E+00    0.32186E+02
    0.48174E+00    0.30950E+02
    0.49148E+00    0.29774E+02
    0.50141E+00    0.28633E+02
    0.51153E+00    0.27522E+02
    0.52187E+00    0.26443E+02
    0.53241E+00    0.25410E+02
    0.54317E+00    0.24427E+02
    0.55414E+00    0.23486E+02
    0.56533E+00    0.22579E+02
    0.57675E+00    0.21706E+02
    0.58840E+00    0.20867E+02
    0.60029E+00    0.20061E+02
    0.61242E+00    0.19286E+02
    0.62479E+00    0.18543E+02
    0.63741E+00    0.17829E+02
    0.65029E+00    0.17144E+02
    0.66342E+00    0.16486E+02
    0.67683E+00    0.15855E+02
    0.69050E+00    0.15248E+02
    0.70445E+00    0.14666E+02
    0.71868E+00    0.14107E+02
    0.73320E+00    0.13570E+02
    0.74801E+00    0.13055E+02
    0.76312E+00    0.12560E+02
    0.77854E+00    0.12085E+02
    0.79426E+00    0.11629E+02
    0.81031E+00    0.11191E+02
    0.82668E+00    0.10771E+02
    0.84338E+00    0.10367E+02
    0.86041E+00    0.99801E+01
    0.87780E+00    0.96084E+01
    0.89553E+00    0.92517E+01
    0.91362E+00    0.89093E+01
    0.93208E+00    0.85807E+01
    0.95091E+00    0.82653E+01
    0.97011E+00    0.79625E+01
    0.98971E+00    0.76719E+01
    0.10097E+01    0.73929E+01
    0.10301E+01    0.71250E+01
    0.10509E+01    0.68679E+01
    0.10721E+01    0.66210E+01
    0.10938E+01    0.63840E+01
    0.11159E+01    0.61564E+01
    0.11384E+01    0.59379E+01
    0.11614E+01    0.57281E+01
    0.11849E+01    0.55266E+01
    0.12088E+01    0.53330E+01
    0.12333E+01    0.51472E+01
    0.12582E+01    0.49686E+01
    0.12836E+01    0.47971E+01
    0.13095E+01    0.46324E+01
    0.13360E+01    0.44741E+01
    0.13630E+01    0.43220E+01
    0.13905E+01    0.41759E+01
    0.14186E+01    0.40354E+01
    0.14472E+01    0.39004E+01
    0.14765E+01    0.37706E+01
    0.15063E+01    0.36458E+01
    0.15367E+01    0.35257E+01
    0.15678E+01    0.34102E+01
    0.15994E+01    0.32991E+01
    0.16318E+01    0.31922E+01
    0.16647E+01    0.30893E+01
    0.16984E+01    0.29902E+01
    0.17327E+01    0.28949E+01
    0.17677E+01    0.28032E+01
    0.18034E+01    0.27150E+01
    0.18398E+01    0.26300E+01
    0.18770E+01    0.25483E+01
    0.19149E+01    0.24696E+01
    0.19536E+01    0.23939E+01
    0.19930E+01    0.23210E+01
    0.20333E+01    0.22508E+01
    0.20744E+01    0.21832E+01
    0.21163E+01    0.21179E+01
    0.21590E+01    0.20550E+01
    0.22026E+01    0.19941E+01
    0.22471E+01    0.19352E+01
    0.22925E+01    0.18783E+01
    0.23388E+01    0.18231E+01
    0.23861E+01    0.17696E+01
