    0.10000E-03    0.63370E+02
    0.10202E-03    0.64598E+02
    0.10408E-03    0.65850E+02
    0.10618E-03    0.67126E+02
    0.10833E-03    0.68426E+02
    0.11052E-03    0.69752E+02
    0.11275E-03    0.71104E+02
    0.11503E-03    0.72481E+02
    0.11735E-03    0.73885E+02
    0.11972E-03    0.75317E+02
    0.12214E-03    0.76776E+02
    0.12461E-03    0.78263E+02
    0.12712E-03    0.79779E+02
    0.12969E-03    0.81324E+02
    0.13231E-03    0.82899E+02
    0.13499E-03    0.84505E+02
    0.13771E-03    0.86142E+02
    0.14049E-03    0.87810E+02
    0.14333E-03    0.89511E+02
    0.14623E-03    0.91244E+02
    0.14918E-03    0.93011E+02
    0.15220E-03    0.94813E+02
    0.15527E-03    0.96648E+02
    0.15841E-03    0.98520E+02
    0.16161E-03    0.10043E+03
    0.16487E-03    0.10237E+03
    0.16820E-03    0.10435E+03
    0.17160E-03    0.10637E+03
    0.17507E-03    0.10843E+03
    0.17860E-03    0.11053E+03
    0.18221E-03    0.11267E+03
    0.18589E-03    0.11485E+03
    0.18965E-03    0.11707E+03
    0.19348E-03    0.11934E+03
    0.19739E-03    0.12165E+03
    0.20138E-03    0.12400E+03
    0.20544E-03    0.12640E+03
    0.20959E-03    0.12885E+03
    0.21383E-03    0.13134E+03
    0.21815E-03    0.13388E+03
    0.22255E-03    0.13647E+03
    0.22705E-03    0.13911E+03
    0.23164E-03    0.14180E+03
    0.23632E-03    0.14454E+03
    0.24109E-03    0.14734E+03
    0.24596E-03    0.15018E+03
    0.25093E-03    0.15309E+03
    0.25600E-03    0.15605E+03
    0.26117E-03    0.15906E+03
    0.26645E-03    0.16214E+03
    0.27183E-03    0.16527E+03
    0.27732E-03    0.16846E+03
    0.28292E-03    0.17171E+03
    0.28864E-03    0.17503E+03
    0.29447E-03    0.17841E+03
    0.30042E-03    0.18185E+03
    0.30649E-03    0.18536E+03
    0.31268E-03    0.18894E+03
    0.31899E-03    0.19259E+03
    0.32544E-03    0.19630E+03
    0.33201E-03    0.20009E+03
    0.33872E-03    0.20395E+03
    0.34556E-03    0.20788E+03
    0.35254E-03    0.21189E+03
    0.35966E-03    0.21597E+03
    0.36693E-03    0.22013E+03
    0.37434E-03    0.22437E+03
    0.38190E-03    0.22869E+03
    0.38962E-03    0.23310E+03
    0.39749E-03    0.23758E+03
    0.40552E-03    0.24216E+03
    0.41371E-03    0.24681E+03
    0.42207E-03    0.25156E+03
    0.43060E-03    0.25640E+03
    0.43929E-03    0.26132E+03
    0.44817E-03    0.26635E+03
    0.45722E-03    0.27146E+03
    0.46646E-03    0.27667E+03
    0.47588E-03    0.28198E+03
    0.48550E-03    0.28739E+03
    0.49530E-03    0.29290E+03
    0.50531E-03    0.29852E+03
    0.51552E-03    0.30424E+03
    0.52593E-03    0.31006E+03
    0.53656E-03    0.31600E+03
    0.54739E-03    0.32205E+03
    0.55845E-03    0.32820E+03
    0.56973E-03    0.33448E+03
    0.58124E-03    0.34087E+03
    0.59299E-03    0.34738E+03
    0.60496E-03    0.35400E+03
    0.61719E-03    0.36075E+03
    0.62965E-03    0.36763E+03
    0.64237E-03    0.37463E+03
    0.65535E-03    0.38176E+03
    0.66859E-03    0.38903E+03
    0.68210E-03    0.39642E+03
    0.69588E-03    0.40395E+03
    0.70993E-03    0.41162E+03
    0.72427E-03    0.41942E+03
    0.73891E-03    0.42737E+03
    0.75383E-03    0.43546E+03
    0.76906E-03    0.44370E+03
    0.78460E-03    0.45209E+03
    0.80045E-03    0.46063E+03
    0.81662E-03    0.46932E+03
    0.83311E-03    0.47816E+03
    0.84994E-03    0.48717E+03
    0.86711E-03    0.49633E+03
    0.88463E-03    0.50566E+03
    0.90250E-03    0.51515E+03
    0.92073E-03    0.52481E+03
    0.93933E-03    0.53464E+03
    0.95831E-03    0.54464E+03
    0.97767E-03    0.55481E+03
    0.99742E-03    0.56516E+03
    0.10176E-02    0.57570E+03
    0.10381E-02    0.58641E+03
    0.10591E-02    0.59731E+03
    0.10805E-02    0.60840E+03
    0.11023E-02    0.61967E+03
    0.11246E-02    0.63114E+03
    0.11473E-02    0.64280E+03
    0.11705E-02    0.65466E+03
    0.11941E-02    0.66672E+03
    0.12182E-02    0.67898E+03
    0.12429E-02    0.69145E+03
    0.12680E-02    0.70412E+03
    0.12936E-02    0.71700E+03
    0.13197E-02    0.73010E+03
    0.13464E-02    0.74341E+03
    0.13736E-02    0.75693E+03
    0.14013E-02    0.77068E+03
    0.14296E-02    0.78464E+03
    0.14585E-02    0.79884E+03
    0.14880E-02    0.81326E+03
    0.15180E-02    0.82790E+03
    0.15487E-02    0.84278E+03
    0.15800E-02    0.85789E+03
    0.16119E-02    0.87324E+03
    0.16445E-02    0.88883E+03
    0.16777E-02    0.90466E+03
    0.17116E-02    0.92072E+03
    0.17462E-02    0.93704E+03
    0.17814E-02    0.95359E+03
    0.18174E-02    0.97040E+03
    0.18541E-02    0.98746E+03
    0.18916E-02    0.10048E+04
    0.19298E-02    0.10223E+04
    0.19688E-02    0.10401E+04
    0.20086E-02    0.10582E+04
    0.20491E-02    0.10765E+04
    0.20905E-02    0.10951E+04
    0.21328E-02    0.11140E+04
    0.21758E-02    0.11331E+04
    0.22198E-02    0.11525E+04
    0.22646E-02    0.11721E+04
    0.23104E-02    0.11920E+04
    0.23571E-02    0.12121E+04
    0.24047E-02    0.12326E+04
    0.24533E-02    0.12533E+04
    0.25028E-02    0.12742E+04
    0.25534E-02    0.12954E+04
    0.26050E-02    0.13169E+04
    0.26576E-02    0.13386E+04
    0.27113E-02    0.13607E+04
    0.27660E-02    0.13829E+04
    0.28219E-02    0.14055E+04
    0.28789E-02    0.14282E+04
    0.29371E-02    0.14513E+04
    0.29964E-02    0.14746E+04
    0.30569E-02    0.14982E+04
    0.31187E-02    0.15220E+04
    0.31817E-02    0.15460E+04
    0.32460E-02    0.15703E+04
    0.33115E-02    0.15949E+04
    0.33784E-02    0.16197E+04
    0.34467E-02    0.16447E+04
    0.35163E-02    0.16700E+04
    0.35874E-02    0.16955E+04
    0.36598E-02    0.17212E+04
    0.37338E-02    0.17472E+04
    0.38092E-02    0.17733E+04
    0.38861E-02    0.17997E+04
    0.39646E-02    0.18263E+04
    0.40447E-02    0.18531E+04
    0.41264E-02    0.18800E+04
    0.42098E-02    0.19072E+04
    0.42948E-02    0.19346E+04
    0.43816E-02    0.19621E+04
    0.44701E-02    0.19898E+04
    0.45604E-02    0.20176E+04
    0.46525E-02    0.20455E+04
    0.47465E-02    0.20735E+04
    0.48424E-02    0.21016E+04
    0.49402E-02    0.21298E+04
    0.50400E-02    0.21581E+04
    0.51419E-02    0.21865E+04
    0.52457E-02    0.22151E+04
    0.53517E-02    0.22437E+04
    0.54598E-02    0.22725E+04
    0.55701E-02    0.23013E+04
    0.56826E-02    0.23301E+04
    0.57974E-02    0.23590E+04
    0.59145E-02    0.23878E+04
    0.60340E-02    0.24166E+04
    0.61559E-02    0.24453E+04
    0.62803E-02    0.24741E+04
    0.64072E-02    0.25027E+04
    0.65366E-02    0.25313E+04
    0.66686E-02    0.25598E+04
    0.68033E-02    0.25881E+04
    0.69408E-02    0.26164E+04
    0.70810E-02    0.26444E+04
    0.72240E-02    0.26723E+04
    0.73700E-02    0.26999E+04
    0.75189E-02    0.27274E+04
    0.76708E-02    0.27546E+04
    0.78257E-02    0.27815E+04
    0.79838E-02    0.28081E+04
    0.81451E-02    0.28344E+04
    0.83096E-02    0.28604E+04
    0.84775E-02    0.28859E+04
    0.86488E-02    0.29111E+04
    0.88235E-02    0.29359E+04
    0.90017E-02    0.29601E+04
    0.91836E-02    0.29839E+04
    0.93691E-02    0.30072E+04
    0.95583E-02    0.30300E+04
    0.97514E-02    0.30521E+04
    0.99484E-02    0.30737E+04
    0.10149E-01    0.30946E+04
    0.10354E-01    0.31148E+04
    0.10564E-01    0.31343E+04
    0.10777E-01    0.31531E+04
    0.10995E-01    0.31711E+04
    0.11217E-01    0.31883E+04
    0.11443E-01    0.32046E+04
    0.11675E-01    0.32200E+04
    0.11910E-01    0.32346E+04
    0.12151E-01    0.32482E+04
    0.12397E-01    0.32608E+04
    0.12647E-01    0.32725E+04
    0.12902E-01    0.32831E+04
    0.13163E-01    0.32926E+04
    0.13429E-01    0.33008E+04
    0.13700E-01    0.33077E+04
    0.13977E-01    0.33132E+04
    0.14259E-01    0.33174E+04
    0.14547E-01    0.33204E+04
    0.14841E-01    0.33226E+04
    0.15141E-01    0.33240E+04
    0.15447E-01    0.33249E+04
    0.15759E-01    0.33250E+04
    0.16077E-01    0.33239E+04
    0.16402E-01    0.33213E+04
    0.16734E-01    0.33168E+04
    0.17072E-01    0.33100E+04
    0.17416E-01    0.33010E+04
    0.17768E-01    0.32901E+04
    0.18127E-01    0.32775E+04
    0.18493E-01    0.32634E+04
    0.18867E-01    0.32481E+04
    0.19248E-01    0.32313E+04
    0.19637E-01    0.32129E+04
    0.20034E-01    0.31926E+04
    0.20438E-01    0.31702E+04
    0.20851E-01    0.31456E+04
    0.21272E-01    0.31188E+04
    0.21702E-01    0.30903E+04
    0.22141E-01    0.30603E+04
    0.22588E-01    0.30290E+04
    0.23044E-01    0.29968E+04
    0.23510E-01    0.29635E+04
    0.23985E-01    0.29293E+04
    0.24469E-01    0.28941E+04
    0.24964E-01    0.28579E+04
    0.25468E-01    0.28208E+04
    0.25982E-01    0.27826E+04
    0.26507E-01    0.27433E+04
    0.27043E-01    0.27029E+04
    0.27589E-01    0.26615E+04
    0.28146E-01    0.26189E+04
    0.28715E-01    0.25754E+04
    0.29295E-01    0.25310E+04
    0.29887E-01    0.24860E+04
    0.30490E-01    0.24404E+04
    0.31106E-01    0.23944E+04
    0.31735E-01    0.23482E+04
    0.32376E-01    0.23020E+04
    0.33030E-01    0.22560E+04
    0.33697E-01    0.22103E+04
    0.34378E-01    0.21650E+04
    0.35072E-01    0.21203E+04
    0.35781E-01    0.20762E+04
    0.36504E-01    0.20329E+04
    0.37241E-01    0.19904E+04
    0.37993E-01    0.19488E+04
    0.38761E-01    0.19082E+04
    0.39544E-01    0.18686E+04
    0.40343E-01    0.18301E+04
    0.41158E-01    0.17928E+04
    0.41989E-01    0.17567E+04
    0.42838E-01    0.17220E+04
    0.43703E-01    0.16887E+04
    0.44586E-01    0.16571E+04
    0.45486E-01    0.16271E+04
    0.46405E-01    0.15987E+04
    0.47343E-01    0.15719E+04
    0.48299E-01    0.15465E+04
    0.49275E-01    0.15223E+04
    0.50270E-01    0.14993E+04
    0.51286E-01    0.14774E+04
    0.52322E-01    0.14564E+04
    0.53379E-01    0.14362E+04
    0.54457E-01    0.14168E+04
    0.55557E-01    0.13979E+04
    0.56680E-01    0.13793E+04
    0.57825E-01    0.13608E+04
    0.58993E-01    0.13422E+04
    0.60184E-01    0.13234E+04
    0.61400E-01    0.13042E+04
    0.62641E-01    0.12844E+04
    0.63906E-01    0.12637E+04
    0.65197E-01    0.12418E+04
    0.66514E-01    0.12186E+04
    0.67858E-01    0.11941E+04
    0.69229E-01    0.11687E+04
    0.70627E-01    0.11427E+04
    0.72054E-01    0.11158E+04
    0.73510E-01    0.10871E+04
    0.74994E-01    0.10564E+04
    0.76509E-01    0.10239E+04
    0.78055E-01    0.99045E+03
    0.79632E-01    0.95651E+03
    0.81241E-01    0.92234E+03
    0.82882E-01    0.88813E+03
    0.84556E-01    0.85421E+03
    0.86264E-01    0.82096E+03
    0.88007E-01    0.78874E+03
    0.89785E-01    0.75791E+03
    0.91598E-01    0.72878E+03
    0.93449E-01    0.70162E+03
    0.95337E-01    0.67662E+03
    0.97263E-01    0.65398E+03
    0.99227E-01    0.63374E+03
    0.10123E+00    0.61583E+03
    0.10328E+00    0.60019E+03
    0.10536E+00    0.58655E+03
    0.10749E+00    0.57465E+03
    0.10966E+00    0.56413E+03
    0.11188E+00    0.55458E+03
    0.11414E+00    0.54557E+03
    0.11644E+00    0.53663E+03
    0.11880E+00    0.52732E+03
    0.12120E+00    0.51723E+03
    0.12365E+00    0.50597E+03
    0.12614E+00    0.49335E+03
    0.12869E+00    0.47924E+03
    0.13129E+00    0.46370E+03
    0.13394E+00    0.44690E+03
    0.13665E+00    0.42914E+03
    0.13941E+00    0.41078E+03
    0.14223E+00    0.39226E+03
    0.14510E+00    0.37405E+03
    0.14803E+00    0.35668E+03
    0.15102E+00    0.34061E+03
    0.15407E+00    0.32625E+03
    0.15718E+00    0.31380E+03
    0.16036E+00    0.30327E+03
    0.16360E+00    0.29446E+03
    0.16690E+00    0.28708E+03
    0.17028E+00    0.28073E+03
    0.17371E+00    0.27499E+03
    0.17722E+00    0.26940E+03
    0.18080E+00    0.26350E+03
    0.18446E+00    0.25684E+03
    0.18818E+00    0.24917E+03
    0.19198E+00    0.24044E+03
    0.19586E+00    0.23086E+03
    0.19982E+00    0.22079E+03
    0.20386E+00    0.21064E+03
    0.20797E+00    0.20084E+03
    0.21218E+00    0.19177E+03
    0.21646E+00    0.18372E+03
    0.22083E+00    0.17685E+03
    0.22530E+00    0.17109E+03
    0.22985E+00    0.16623E+03
    0.23449E+00    0.16191E+03
    0.23923E+00    0.15774E+03
    0.24406E+00    0.15336E+03
    0.24899E+00    0.14852E+03
    0.25402E+00    0.14315E+03
    0.25915E+00    0.13738E+03
    0.26439E+00    0.13145E+03
    0.26973E+00    0.12566E+03
    0.27518E+00    0.12029E+03
    0.28074E+00    0.11551E+03
    0.28641E+00    0.11137E+03
    0.29219E+00    0.10777E+03
    0.29810E+00    0.10446E+03
    0.30412E+00    0.10121E+03
    0.31026E+00    0.97844E+02
    0.31653E+00    0.94271E+02
    0.32292E+00    0.90537E+02
    0.32945E+00    0.86803E+02
    0.33610E+00    0.83249E+02
    0.34289E+00    0.79987E+02
    0.34982E+00    0.77049E+02
    0.35689E+00    0.74385E+02
    0.36409E+00    0.71866E+02
    0.37145E+00    0.69365E+02
    0.37895E+00    0.66822E+02
    0.38661E+00    0.64248E+02
    0.39442E+00    0.61718E+02
    0.40239E+00    0.59315E+02
    0.41052E+00    0.57083E+02
    0.41881E+00    0.55013E+02
    0.42727E+00    0.53051E+02
    0.43590E+00    0.51136E+02
    0.44471E+00    0.49238E+02
    0.45369E+00    0.47368E+02
    0.46286E+00    0.45563E+02
    0.47221E+00    0.43854E+02
    0.48174E+00    0.42241E+02
    0.49148E+00    0.40705E+02
    0.50141E+00    0.39215E+02
    0.51153E+00    0.37763E+02
    0.52187E+00    0.36352E+02
    0.53241E+00    0.35001E+02
    0.54317E+00    0.33713E+02
    0.55414E+00    0.32479E+02
    0.56533E+00    0.31290E+02
    0.57675E+00    0.30143E+02
    0.58840E+00    0.29040E+02
    0.60029E+00    0.27979E+02
    0.61242E+00    0.26960E+02
    0.62479E+00    0.25980E+02
    0.63741E+00    0.25039E+02
    0.65029E+00    0.24134E+02
    0.66342E+00    0.23264E+02
    0.67683E+00    0.22428E+02
    0.69050E+00    0.21624E+02
    0.70445E+00    0.20851E+02
    0.71868E+00    0.20109E+02
    0.73320E+00    0.19394E+02
    0.74801E+00    0.18708E+02
    0.76312E+00    0.18048E+02
    0.77854E+00    0.17413E+02
    0.79426E+00    0.16803E+02
    0.81031E+00    0.16217E+02
    0.82668E+00    0.15653E+02
    0.84338E+00    0.15111E+02
    0.86041E+00    0.14589E+02
    0.87780E+00    0.14088E+02
    0.89553E+00    0.13606E+02
    0.91362E+00    0.13143E+02
    0.93208E+00    0.12697E+02
    0.95091E+00    0.12269E+02
    0.97011E+00    0.11857E+02
    0.98971E+00    0.11460E+02
    0.10097E+01    0.11079E+02
    0.10301E+01    0.10712E+02
    0.10509E+01    0.10359E+02
    0.10721E+01    0.10019E+02
    0.10938E+01    0.96924E+01
    0.11159E+01    0.93778E+01
    0.11384E+01    0.90750E+01
    0.11614E+01    0.87836E+01
    0.11849E+01    0.85029E+01
    0.12088E+01    0.82327E+01
    0.12333E+01    0.79725E+01
    0.12582E+01    0.77218E+01
    0.12836E+01    0.74804E+01
    0.13095E+01    0.72478E+01
    0.13360E+01    0.70237E+01
    0.13630E+01    0.68077E+01
    0.13905E+01    0.65995E+01
    0.14186E+01    0.63988E+01
    0.14472E+01    0.62053E+01
    0.14765E+01    0.60186E+01
    0.15063E+01    0.58385E+01
    0.15367E+01    0.56647E+01
    0.15678E+01    0.54970E+01
    0.15994E+01    0.53351E+01
    0.16318E+01    0.51788E+01
    0.16647E+01    0.50278E+01
    0.16984E+01    0.48820E+01
    0.17327E+01    0.47412E+01
    0.17677E+01    0.46052E+01
    0.18034E+01    0.44738E+01
    0.18398E+01    0.43468E+01
    0.18770E+01    0.42241E+01
    0.19149E+01    0.41055E+01
    0.19536E+01    0.39908E+01
    0.19930E+01    0.38800E+01
    0.20333E+01    0.37728E+01
    0.20744E+01    0.36691E+01
    0.21163E+01    0.35687E+01
    0.21590E+01    0.34714E+01
    0.22026E+01    0.33770E+01
    0.22471E+01    0.32854E+01
    0.22925E+01    0.31965E+01
    0.23388E+01    0.31102E+01
    0.23861E+01    0.30262E+01
