    0.10000E-03    0.33876E+03
    0.10202E-03    0.34532E+03
    0.10408E-03    0.35201E+03
    0.10618E-03    0.35883E+03
    0.10833E-03    0.36579E+03
    0.11052E-03    0.37287E+03
    0.11275E-03    0.38009E+03
    0.11503E-03    0.38746E+03
    0.11735E-03    0.39496E+03
    0.11972E-03    0.40261E+03
    0.12214E-03    0.41041E+03
    0.12461E-03    0.41836E+03
    0.12712E-03    0.42646E+03
    0.12969E-03    0.43472E+03
    0.13231E-03    0.44314E+03
    0.13499E-03    0.45172E+03
    0.13771E-03    0.46047E+03
    0.14049E-03    0.46939E+03
    0.14333E-03    0.47848E+03
    0.14623E-03    0.48774E+03
    0.14918E-03    0.49718E+03
    0.15220E-03    0.50681E+03
    0.15527E-03    0.51662E+03
    0.15841E-03    0.52662E+03
    0.16161E-03    0.53681E+03
    0.16487E-03    0.54720E+03
    0.16820E-03    0.55780E+03
    0.17160E-03    0.56859E+03
    0.17507E-03    0.57959E+03
    0.17860E-03    0.59081E+03
    0.18221E-03    0.60224E+03
    0.18589E-03    0.61389E+03
    0.18965E-03    0.62577E+03
    0.19348E-03    0.63788E+03
    0.19739E-03    0.65021E+03
    0.20138E-03    0.66279E+03
    0.20544E-03    0.67561E+03
    0.20959E-03    0.68867E+03
    0.21383E-03    0.70199E+03
    0.21815E-03    0.71556E+03
    0.22255E-03    0.72939E+03
    0.22705E-03    0.74349E+03
    0.23164E-03    0.75786E+03
    0.23632E-03    0.77251E+03
    0.24109E-03    0.78744E+03
    0.24596E-03    0.80265E+03
    0.25093E-03    0.81816E+03
    0.25600E-03    0.83396E+03
    0.26117E-03    0.85006E+03
    0.26645E-03    0.86648E+03
    0.27183E-03    0.88321E+03
    0.27732E-03    0.90026E+03
    0.28292E-03    0.91763E+03
    0.28864E-03    0.93534E+03
    0.29447E-03    0.95338E+03
    0.30042E-03    0.97178E+03
    0.30649E-03    0.99052E+03
    0.31268E-03    0.10096E+04
    0.31899E-03    0.10291E+04
    0.32544E-03    0.10489E+04
    0.33201E-03    0.10691E+04
    0.33872E-03    0.10897E+04
    0.34556E-03    0.11107E+04
    0.35254E-03    0.11321E+04
    0.35966E-03    0.11539E+04
    0.36693E-03    0.11761E+04
    0.37434E-03    0.11987E+04
    0.38190E-03    0.12218E+04
    0.38962E-03    0.12453E+04
    0.39749E-03    0.12692E+04
    0.40552E-03    0.12936E+04
    0.41371E-03    0.13185E+04
    0.42207E-03    0.13438E+04
    0.43060E-03    0.13696E+04
    0.43929E-03    0.13959E+04
    0.44817E-03    0.14226E+04
    0.45722E-03    0.14499E+04
    0.46646E-03    0.14777E+04
    0.47588E-03    0.15060E+04
    0.48550E-03    0.15349E+04
    0.49530E-03    0.15642E+04
    0.50531E-03    0.15942E+04
    0.51552E-03    0.16247E+04
    0.52593E-03    0.16557E+04
    0.53656E-03    0.16874E+04
    0.54739E-03    0.17196E+04
    0.55845E-03    0.17524E+04
    0.56973E-03    0.17858E+04
    0.58124E-03    0.18199E+04
    0.59299E-03    0.18545E+04
    0.60496E-03    0.18899E+04
    0.61719E-03    0.19258E+04
    0.62965E-03    0.19624E+04
    0.64237E-03    0.19997E+04
    0.65535E-03    0.20377E+04
    0.66859E-03    0.20764E+04
    0.68210E-03    0.21158E+04
    0.69588E-03    0.21558E+04
    0.70993E-03    0.21967E+04
    0.72427E-03    0.22382E+04
    0.73891E-03    0.22805E+04
    0.75383E-03    0.23236E+04
    0.76906E-03    0.23675E+04
    0.78460E-03    0.24121E+04
    0.80045E-03    0.24576E+04
    0.81662E-03    0.25038E+04
    0.83311E-03    0.25509E+04
    0.84994E-03    0.25988E+04
    0.86711E-03    0.26476E+04
    0.88463E-03    0.26972E+04
    0.90250E-03    0.27477E+04
    0.92073E-03    0.27991E+04
    0.93933E-03    0.28514E+04
    0.95831E-03    0.29046E+04
    0.97767E-03    0.29588E+04
    0.99742E-03    0.30139E+04
    0.10176E-02    0.30699E+04
    0.10381E-02    0.31269E+04
    0.10591E-02    0.31849E+04
    0.10805E-02    0.32439E+04
    0.11023E-02    0.33039E+04
    0.11246E-02    0.33649E+04
    0.11473E-02    0.34270E+04
    0.11705E-02    0.34901E+04
    0.11941E-02    0.35543E+04
    0.12182E-02    0.36195E+04
    0.12429E-02    0.36859E+04
    0.12680E-02    0.37533E+04
    0.12936E-02    0.38219E+04
    0.13197E-02    0.38916E+04
    0.13464E-02    0.39624E+04
    0.13736E-02    0.40344E+04
    0.14013E-02    0.41076E+04
    0.14296E-02    0.41820E+04
    0.14585E-02    0.42575E+04
    0.14880E-02    0.43343E+04
    0.15180E-02    0.44122E+04
    0.15487E-02    0.44915E+04
    0.15800E-02    0.45719E+04
    0.16119E-02    0.46536E+04
    0.16445E-02    0.47366E+04
    0.16777E-02    0.48209E+04
    0.17116E-02    0.49064E+04
    0.17462E-02    0.49933E+04
    0.17814E-02    0.50814E+04
    0.18174E-02    0.51709E+04
    0.18541E-02    0.52617E+04
    0.18916E-02    0.53539E+04
    0.19298E-02    0.54474E+04
    0.19688E-02    0.55422E+04
    0.20086E-02    0.56385E+04
    0.20491E-02    0.57361E+04
    0.20905E-02    0.58350E+04
    0.21328E-02    0.59354E+04
    0.21758E-02    0.60371E+04
    0.22198E-02    0.61403E+04
    0.22646E-02    0.62448E+04
    0.23104E-02    0.63508E+04
    0.23571E-02    0.64581E+04
    0.24047E-02    0.65669E+04
    0.24533E-02    0.66770E+04
    0.25028E-02    0.67886E+04
    0.25534E-02    0.69016E+04
    0.26050E-02    0.70160E+04
    0.26576E-02    0.71318E+04
    0.27113E-02    0.72489E+04
    0.27660E-02    0.73675E+04
    0.28219E-02    0.74875E+04
    0.28789E-02    0.76089E+04
    0.29371E-02    0.77316E+04
    0.29964E-02    0.78557E+04
    0.30569E-02    0.79812E+04
    0.31187E-02    0.81080E+04
    0.31817E-02    0.82361E+04
    0.32460E-02    0.83656E+04
    0.33115E-02    0.84963E+04
    0.33784E-02    0.86284E+04
    0.34467E-02    0.87618E+04
    0.35163E-02    0.88964E+04
    0.35874E-02    0.90323E+04
    0.36598E-02    0.91693E+04
    0.37338E-02    0.93075E+04
    0.38092E-02    0.94467E+04
    0.38861E-02    0.95869E+04
    0.39646E-02    0.97283E+04
    0.40447E-02    0.98708E+04
    0.41264E-02    0.10015E+05
    0.42098E-02    0.10160E+05
    0.42948E-02    0.10306E+05
    0.43816E-02    0.10454E+05
    0.44701E-02    0.10601E+05
    0.45604E-02    0.10749E+05
    0.46525E-02    0.10895E+05
    0.47465E-02    0.11041E+05
    0.48424E-02    0.11186E+05
    0.49402E-02    0.11331E+05
    0.50400E-02    0.11478E+05
    0.51419E-02    0.11626E+05
    0.52457E-02    0.11776E+05
    0.53517E-02    0.11928E+05
    0.54598E-02    0.12081E+05
    0.55701E-02    0.12234E+05
    0.56826E-02    0.12388E+05
    0.57974E-02    0.12541E+05
    0.59145E-02    0.12694E+05
    0.60340E-02    0.12846E+05
    0.61559E-02    0.12998E+05
    0.62803E-02    0.13150E+05
    0.64072E-02    0.13302E+05
    0.65366E-02    0.13453E+05
    0.66686E-02    0.13604E+05
    0.68033E-02    0.13754E+05
    0.69408E-02    0.13903E+05
    0.70810E-02    0.14052E+05
    0.72240E-02    0.14199E+05
    0.73700E-02    0.14345E+05
    0.75189E-02    0.14491E+05
    0.76708E-02    0.14634E+05
    0.78257E-02    0.14776E+05
    0.79838E-02    0.14917E+05
    0.81451E-02    0.15056E+05
    0.83096E-02    0.15193E+05
    0.84775E-02    0.15328E+05
    0.86488E-02    0.15461E+05
    0.88235E-02    0.15591E+05
    0.90017E-02    0.15719E+05
    0.91836E-02    0.15845E+05
    0.93691E-02    0.15967E+05
    0.95583E-02    0.16087E+05
    0.97514E-02    0.16203E+05
    0.99484E-02    0.16317E+05
    0.10149E-01    0.16427E+05
    0.10354E-01    0.16533E+05
    0.10564E-01    0.16635E+05
    0.10777E-01    0.16734E+05
    0.10995E-01    0.16828E+05
    0.11217E-01    0.16918E+05
    0.11443E-01    0.17003E+05
    0.11675E-01    0.17084E+05
    0.11910E-01    0.17160E+05
    0.12151E-01    0.17230E+05
    0.12397E-01    0.17296E+05
    0.12647E-01    0.17356E+05
    0.12902E-01    0.17411E+05
    0.13163E-01    0.17460E+05
    0.13429E-01    0.17502E+05
    0.13700E-01    0.17537E+05
    0.13977E-01    0.17565E+05
    0.14259E-01    0.17585E+05
    0.14547E-01    0.17600E+05
    0.14841E-01    0.17609E+05
    0.15141E-01    0.17615E+05
    0.15447E-01    0.17618E+05
    0.15759E-01    0.17617E+05
    0.16077E-01    0.17610E+05
    0.16402E-01    0.17594E+05
    0.16734E-01    0.17568E+05
    0.17072E-01    0.17530E+05
    0.17416E-01    0.17480E+05
    0.17768E-01    0.17421E+05
    0.18127E-01    0.17352E+05
    0.18493E-01    0.17276E+05
    0.18867E-01    0.17193E+05
    0.19248E-01    0.17102E+05
    0.19637E-01    0.17003E+05
    0.20034E-01    0.16893E+05
    0.20438E-01    0.16773E+05
    0.20851E-01    0.16640E+05
    0.21272E-01    0.16497E+05
    0.21702E-01    0.16344E+05
    0.22141E-01    0.16183E+05
    0.22588E-01    0.16016E+05
    0.23044E-01    0.15844E+05
    0.23510E-01    0.15666E+05
    0.23985E-01    0.15484E+05
    0.24469E-01    0.15296E+05
    0.24964E-01    0.15103E+05
    0.25468E-01    0.14905E+05
    0.25982E-01    0.14701E+05
    0.26507E-01    0.14492E+05
    0.27043E-01    0.14278E+05
    0.27589E-01    0.14057E+05
    0.28146E-01    0.13831E+05
    0.28715E-01    0.13600E+05
    0.29295E-01    0.13365E+05
    0.29887E-01    0.13126E+05
    0.30490E-01    0.12884E+05
    0.31106E-01    0.12641E+05
    0.31735E-01    0.12396E+05
    0.32376E-01    0.12152E+05
    0.33030E-01    0.11908E+05
    0.33697E-01    0.11666E+05
    0.34378E-01    0.11427E+05
    0.35072E-01    0.11191E+05
    0.35781E-01    0.10958E+05
    0.36504E-01    0.10729E+05
    0.37241E-01    0.10505E+05
    0.37993E-01    0.10286E+05
    0.38761E-01    0.10072E+05
    0.39544E-01    0.98632E+04
    0.40343E-01    0.96605E+04
    0.41158E-01    0.94640E+04
    0.41989E-01    0.92740E+04
    0.42838E-01    0.90913E+04
    0.43703E-01    0.89163E+04
    0.44586E-01    0.87497E+04
    0.45486E-01    0.85918E+04
    0.46405E-01    0.84427E+04
    0.47343E-01    0.83016E+04
    0.48299E-01    0.81677E+04
    0.49275E-01    0.80405E+04
    0.50270E-01    0.79194E+04
    0.51286E-01    0.78037E+04
    0.52322E-01    0.76929E+04
    0.53379E-01    0.75866E+04
    0.54457E-01    0.74841E+04
    0.55557E-01    0.73843E+04
    0.56680E-01    0.72862E+04
    0.57825E-01    0.71886E+04
    0.58993E-01    0.70906E+04
    0.60184E-01    0.69914E+04
    0.61400E-01    0.68901E+04
    0.62641E-01    0.67858E+04
    0.63906E-01    0.66771E+04
    0.65197E-01    0.65625E+04
    0.66514E-01    0.64408E+04
    0.67858E-01    0.63129E+04
    0.69229E-01    0.61806E+04
    0.70627E-01    0.60452E+04
    0.72054E-01    0.59049E+04
    0.73510E-01    0.57563E+04
    0.74994E-01    0.55971E+04
    0.76509E-01    0.54294E+04
    0.78055E-01    0.52569E+04
    0.79632E-01    0.50821E+04
    0.81241E-01    0.49063E+04
    0.82882E-01    0.47307E+04
    0.84556E-01    0.45567E+04
    0.86264E-01    0.43863E+04
    0.88007E-01    0.42214E+04
    0.89785E-01    0.40637E+04
    0.91598E-01    0.39148E+04
    0.93449E-01    0.37759E+04
    0.95337E-01    0.36482E+04
    0.97263E-01    0.35324E+04
    0.99227E-01    0.34288E+04
    0.10123E+00    0.33370E+04
    0.10328E+00    0.32567E+04
    0.10536E+00    0.31864E+04
    0.10749E+00    0.31248E+04
    0.10966E+00    0.30701E+04
    0.11188E+00    0.30203E+04
    0.11414E+00    0.29731E+04
    0.11644E+00    0.29263E+04
    0.11880E+00    0.28777E+04
    0.12120E+00    0.28252E+04
    0.12365E+00    0.27670E+04
    0.12614E+00    0.27021E+04
    0.12869E+00    0.26300E+04
    0.13129E+00    0.25509E+04
    0.13394E+00    0.24658E+04
    0.13665E+00    0.23761E+04
    0.13941E+00    0.22836E+04
    0.14223E+00    0.21905E+04
    0.14510E+00    0.20991E+04
    0.14803E+00    0.20119E+04
    0.15102E+00    0.19313E+04
    0.15407E+00    0.18591E+04
    0.15718E+00    0.17962E+04
    0.16036E+00    0.17428E+04
    0.16360E+00    0.16979E+04
    0.16690E+00    0.16598E+04
    0.17028E+00    0.16268E+04
    0.17371E+00    0.15967E+04
    0.17722E+00    0.15674E+04
    0.18080E+00    0.15366E+04
    0.18446E+00    0.15022E+04
    0.18818E+00    0.14629E+04
    0.19198E+00    0.14187E+04
    0.19586E+00    0.13705E+04
    0.19982E+00    0.13201E+04
    0.20386E+00    0.12694E+04
    0.20797E+00    0.12205E+04
    0.21218E+00    0.11751E+04
    0.21646E+00    0.11347E+04
    0.22083E+00    0.10999E+04
    0.22530E+00    0.10704E+04
    0.22985E+00    0.10451E+04
    0.23449E+00    0.10224E+04
    0.23923E+00    0.10004E+04
    0.24406E+00    0.97749E+03
    0.24899E+00    0.95244E+03
    0.25402E+00    0.92499E+03
    0.25915E+00    0.89573E+03
    0.26439E+00    0.86583E+03
    0.26973E+00    0.83663E+03
    0.27518E+00    0.80941E+03
    0.28074E+00    0.78500E+03
    0.28641E+00    0.76357E+03
    0.29219E+00    0.74457E+03
    0.29810E+00    0.72696E+03
    0.30412E+00    0.70967E+03
    0.31026E+00    0.69185E+03
    0.31653E+00    0.67315E+03
    0.32292E+00    0.65378E+03
    0.32945E+00    0.63446E+03
    0.33610E+00    0.61599E+03
    0.34289E+00    0.59887E+03
    0.34982E+00    0.58322E+03
    0.35689E+00    0.56881E+03
    0.36409E+00    0.55507E+03
    0.37145E+00    0.54144E+03
    0.37895E+00    0.52766E+03
    0.38661E+00    0.51379E+03
    0.39442E+00    0.50015E+03
    0.40239E+00    0.48709E+03
    0.41052E+00    0.47481E+03
    0.41881E+00    0.46324E+03
    0.42727E+00    0.45217E+03
    0.43590E+00    0.44133E+03
    0.44471E+00    0.43059E+03
    0.45369E+00    0.42000E+03
    0.46286E+00    0.40972E+03
    0.47221E+00    0.39987E+03
    0.48174E+00    0.39045E+03
    0.49148E+00    0.38137E+03
    0.50141E+00    0.37251E+03
    0.51153E+00    0.36383E+03
    0.52187E+00    0.35535E+03
    0.53241E+00    0.34714E+03
    0.54317E+00    0.33922E+03
    0.55414E+00    0.33153E+03
    0.56533E+00    0.32405E+03
    0.57675E+00    0.31677E+03
    0.58840E+00    0.30969E+03
    0.60029E+00    0.30279E+03
    0.61242E+00    0.29609E+03
    0.62479E+00    0.28956E+03
    0.63741E+00    0.28321E+03
    0.65029E+00    0.27702E+03
    0.66342E+00    0.27099E+03
    0.67683E+00    0.26511E+03
    0.69050E+00    0.25938E+03
    0.70445E+00    0.25379E+03
    0.71868E+00    0.24833E+03
    0.73320E+00    0.24301E+03
    0.74801E+00    0.23781E+03
    0.76312E+00    0.23273E+03
    0.77854E+00    0.22776E+03
    0.79426E+00    0.22291E+03
    0.81031E+00    0.21817E+03
    0.82668E+00    0.21353E+03
    0.84338E+00    0.20899E+03
    0.86041E+00    0.20454E+03
    0.87780E+00    0.20019E+03
    0.89553E+00    0.19593E+03
    0.91362E+00    0.19176E+03
    0.93208E+00    0.18767E+03
    0.95091E+00    0.18367E+03
    0.97011E+00    0.17974E+03
    0.98971E+00    0.17589E+03
    0.10097E+01    0.17211E+03
    0.10301E+01    0.16840E+03
    0.10509E+01    0.16477E+03
    0.10721E+01    0.16120E+03
    0.10938E+01    0.15770E+03
    0.11159E+01    0.15426E+03
    0.11384E+01    0.15088E+03
    0.11614E+01    0.14757E+03
    0.11849E+01    0.14431E+03
    0.12088E+01    0.14111E+03
    0.12333E+01    0.13797E+03
    0.12582E+01    0.13488E+03
    0.12836E+01    0.13184E+03
    0.13095E+01    0.12885E+03
    0.13360E+01    0.12592E+03
    0.13630E+01    0.12304E+03
    0.13905E+01    0.12020E+03
    0.14186E+01    0.11741E+03
    0.14472E+01    0.11467E+03
    0.14765E+01    0.11198E+03
    0.15063E+01    0.10934E+03
    0.15367E+01    0.10674E+03
    0.15678E+01    0.10419E+03
    0.15994E+01    0.10168E+03
    0.16318E+01    0.99217E+02
    0.16647E+01    0.96797E+02
    0.16984E+01    0.94420E+02
    0.17327E+01    0.92083E+02
    0.17677E+01    0.89786E+02
    0.18034E+01    0.87528E+02
    0.18398E+01    0.85308E+02
    0.18770E+01    0.83124E+02
    0.19149E+01    0.80976E+02
    0.19536E+01    0.78862E+02
    0.19930E+01    0.76783E+02
    0.20333E+01    0.74740E+02
    0.20744E+01    0.72733E+02
    0.21163E+01    0.70765E+02
    0.21590E+01    0.68837E+02
    0.22026E+01    0.66952E+02
    0.22471E+01    0.65111E+02
    0.22925E+01    0.63313E+02
    0.23388E+01    0.61561E+02
    0.23861E+01    0.59855E+02
