    0.10000E-03    0.11525E+03
    0.10202E-03    0.11749E+03
    0.10408E-03    0.11976E+03
    0.10618E-03    0.12208E+03
    0.10833E-03    0.12445E+03
    0.11052E-03    0.12686E+03
    0.11275E-03    0.12932E+03
    0.11503E-03    0.13182E+03
    0.11735E-03    0.13437E+03
    0.11972E-03    0.13698E+03
    0.12214E-03    0.13963E+03
    0.12461E-03    0.14234E+03
    0.12712E-03    0.14509E+03
    0.12969E-03    0.14790E+03
    0.13231E-03    0.15077E+03
    0.13499E-03    0.15369E+03
    0.13771E-03    0.15666E+03
    0.14049E-03    0.15970E+03
    0.14333E-03    0.16279E+03
    0.14623E-03    0.16594E+03
    0.14918E-03    0.16916E+03
    0.15220E-03    0.17243E+03
    0.15527E-03    0.17577E+03
    0.15841E-03    0.17917E+03
    0.16161E-03    0.18264E+03
    0.16487E-03    0.18618E+03
    0.16820E-03    0.18978E+03
    0.17160E-03    0.19346E+03
    0.17507E-03    0.19720E+03
    0.17860E-03    0.20102E+03
    0.18221E-03    0.20491E+03
    0.18589E-03    0.20887E+03
    0.18965E-03    0.21291E+03
    0.19348E-03    0.21703E+03
    0.19739E-03    0.22123E+03
    0.20138E-03    0.22551E+03
    0.20544E-03    0.22988E+03
    0.20959E-03    0.23432E+03
    0.21383E-03    0.23885E+03
    0.21815E-03    0.24347E+03
    0.22255E-03    0.24818E+03
    0.22705E-03    0.25298E+03
    0.23164E-03    0.25787E+03
    0.23632E-03    0.26286E+03
    0.24109E-03    0.26794E+03
    0.24596E-03    0.27312E+03
    0.25093E-03    0.27840E+03
    0.25600E-03    0.28377E+03
    0.26117E-03    0.28926E+03
    0.26645E-03    0.29484E+03
    0.27183E-03    0.30054E+03
    0.27732E-03    0.30634E+03
    0.28292E-03    0.31226E+03
    0.28864E-03    0.31829E+03
    0.29447E-03    0.32443E+03
    0.30042E-03    0.33069E+03
    0.30649E-03    0.33707E+03
    0.31268E-03    0.34358E+03
    0.31899E-03    0.35020E+03
    0.32544E-03    0.35696E+03
    0.33201E-03    0.36384E+03
    0.33872E-03    0.37086E+03
    0.34556E-03    0.37800E+03
    0.35254E-03    0.38529E+03
    0.35966E-03    0.39271E+03
    0.36693E-03    0.40027E+03
    0.37434E-03    0.40798E+03
    0.38190E-03    0.41583E+03
    0.38962E-03    0.42383E+03
    0.39749E-03    0.43199E+03
    0.40552E-03    0.44030E+03
    0.41371E-03    0.44876E+03
    0.42207E-03    0.45739E+03
    0.43060E-03    0.46618E+03
    0.43929E-03    0.47513E+03
    0.44817E-03    0.48425E+03
    0.45722E-03    0.49355E+03
    0.46646E-03    0.50302E+03
    0.47588E-03    0.51267E+03
    0.48550E-03    0.52249E+03
    0.49530E-03    0.53251E+03
    0.50531E-03    0.54271E+03
    0.51552E-03    0.55310E+03
    0.52593E-03    0.56368E+03
    0.53656E-03    0.57446E+03
    0.54739E-03    0.58545E+03
    0.55845E-03    0.59663E+03
    0.56973E-03    0.60803E+03
    0.58124E-03    0.61963E+03
    0.59299E-03    0.63145E+03
    0.60496E-03    0.64349E+03
    0.61719E-03    0.65575E+03
    0.62965E-03    0.66824E+03
    0.64237E-03    0.68096E+03
    0.65535E-03    0.69390E+03
    0.66859E-03    0.70709E+03
    0.68210E-03    0.72052E+03
    0.69588E-03    0.73419E+03
    0.70993E-03    0.74811E+03
    0.72427E-03    0.76228E+03
    0.73891E-03    0.77671E+03
    0.75383E-03    0.79140E+03
    0.76906E-03    0.80636E+03
    0.78460E-03    0.82158E+03
    0.80045E-03    0.83708E+03
    0.81662E-03    0.85286E+03
    0.83311E-03    0.86891E+03
    0.84994E-03    0.88526E+03
    0.86711E-03    0.90189E+03
    0.88463E-03    0.91882E+03
    0.90250E-03    0.93604E+03
    0.92073E-03    0.95357E+03
    0.93933E-03    0.97141E+03
    0.95831E-03    0.98956E+03
    0.97767E-03    0.10080E+04
    0.99742E-03    0.10268E+04
    0.10176E-02    0.10459E+04
    0.10381E-02    0.10654E+04
    0.10591E-02    0.10852E+04
    0.10805E-02    0.11053E+04
    0.11023E-02    0.11257E+04
    0.11246E-02    0.11465E+04
    0.11473E-02    0.11677E+04
    0.11705E-02    0.11892E+04
    0.11941E-02    0.12111E+04
    0.12182E-02    0.12334E+04
    0.12429E-02    0.12560E+04
    0.12680E-02    0.12790E+04
    0.12936E-02    0.13024E+04
    0.13197E-02    0.13261E+04
    0.13464E-02    0.13503E+04
    0.13736E-02    0.13748E+04
    0.14013E-02    0.13998E+04
    0.14296E-02    0.14251E+04
    0.14585E-02    0.14509E+04
    0.14880E-02    0.14771E+04
    0.15180E-02    0.15037E+04
    0.15487E-02    0.15307E+04
    0.15800E-02    0.15581E+04
    0.16119E-02    0.15860E+04
    0.16445E-02    0.16143E+04
    0.16777E-02    0.16430E+04
    0.17116E-02    0.16722E+04
    0.17462E-02    0.17018E+04
    0.17814E-02    0.17318E+04
    0.18174E-02    0.17623E+04
    0.18541E-02    0.17933E+04
    0.18916E-02    0.18247E+04
    0.19298E-02    0.18566E+04
    0.19688E-02    0.18889E+04
    0.20086E-02    0.19217E+04
    0.20491E-02    0.19550E+04
    0.20905E-02    0.19888E+04
    0.21328E-02    0.20230E+04
    0.21758E-02    0.20577E+04
    0.22198E-02    0.20928E+04
    0.22646E-02    0.21285E+04
    0.23104E-02    0.21646E+04
    0.23571E-02    0.22012E+04
    0.24047E-02    0.22383E+04
    0.24533E-02    0.22758E+04
    0.25028E-02    0.23139E+04
    0.25534E-02    0.23524E+04
    0.26050E-02    0.23914E+04
    0.26576E-02    0.24308E+04
    0.27113E-02    0.24708E+04
    0.27660E-02    0.25112E+04
    0.28219E-02    0.25521E+04
    0.28789E-02    0.25935E+04
    0.29371E-02    0.26353E+04
    0.29964E-02    0.26777E+04
    0.30569E-02    0.27204E+04
    0.31187E-02    0.27637E+04
    0.31817E-02    0.28073E+04
    0.32460E-02    0.28515E+04
    0.33115E-02    0.28961E+04
    0.33784E-02    0.29411E+04
    0.34467E-02    0.29865E+04
    0.35163E-02    0.30324E+04
    0.35874E-02    0.30787E+04
    0.36598E-02    0.31254E+04
    0.37338E-02    0.31725E+04
    0.38092E-02    0.32200E+04
    0.38861E-02    0.32679E+04
    0.39646E-02    0.33161E+04
    0.40447E-02    0.33647E+04
    0.41264E-02    0.34137E+04
    0.42098E-02    0.34631E+04
    0.42948E-02    0.35128E+04
    0.43816E-02    0.35629E+04
    0.44701E-02    0.36131E+04
    0.45604E-02    0.36636E+04
    0.46525E-02    0.37141E+04
    0.47465E-02    0.37647E+04
    0.48424E-02    0.38154E+04
    0.49402E-02    0.38663E+04
    0.50400E-02    0.39174E+04
    0.51419E-02    0.39688E+04
    0.52457E-02    0.40205E+04
    0.53517E-02    0.40726E+04
    0.54598E-02    0.41248E+04
    0.55701E-02    0.41771E+04
    0.56826E-02    0.42294E+04
    0.57974E-02    0.42817E+04
    0.59145E-02    0.43340E+04
    0.60340E-02    0.43862E+04
    0.61559E-02    0.44384E+04
    0.62803E-02    0.44905E+04
    0.64072E-02    0.45425E+04
    0.65366E-02    0.45943E+04
    0.66686E-02    0.46459E+04
    0.68033E-02    0.46974E+04
    0.69408E-02    0.47485E+04
    0.70810E-02    0.47994E+04
    0.72240E-02    0.48500E+04
    0.73700E-02    0.49001E+04
    0.75189E-02    0.49499E+04
    0.76708E-02    0.49992E+04
    0.78257E-02    0.50480E+04
    0.79838E-02    0.50962E+04
    0.81451E-02    0.51439E+04
    0.83096E-02    0.51910E+04
    0.84775E-02    0.52373E+04
    0.86488E-02    0.52830E+04
    0.88235E-02    0.53278E+04
    0.90017E-02    0.53718E+04
    0.91836E-02    0.54150E+04
    0.93691E-02    0.54572E+04
    0.95583E-02    0.54984E+04
    0.97514E-02    0.55385E+04
    0.99484E-02    0.55775E+04
    0.10149E-01    0.56154E+04
    0.10354E-01    0.56521E+04
    0.10564E-01    0.56875E+04
    0.10777E-01    0.57215E+04
    0.10995E-01    0.57541E+04
    0.11217E-01    0.57852E+04
    0.11443E-01    0.58147E+04
    0.11675E-01    0.58426E+04
    0.11910E-01    0.58689E+04
    0.12151E-01    0.58935E+04
    0.12397E-01    0.59164E+04
    0.12647E-01    0.59375E+04
    0.12902E-01    0.59567E+04
    0.13163E-01    0.59738E+04
    0.13429E-01    0.59887E+04
    0.13700E-01    0.60011E+04
    0.13977E-01    0.60110E+04
    0.14259E-01    0.60185E+04
    0.14547E-01    0.60239E+04
    0.14841E-01    0.60277E+04
    0.15141E-01    0.60302E+04
    0.15447E-01    0.60317E+04
    0.15759E-01    0.60319E+04
    0.16077E-01    0.60299E+04
    0.16402E-01    0.60250E+04
    0.16734E-01    0.60167E+04
    0.17072E-01    0.60043E+04
    0.17416E-01    0.59879E+04
    0.17768E-01    0.59680E+04
    0.18127E-01    0.59451E+04
    0.18493E-01    0.59195E+04
    0.18867E-01    0.58916E+04
    0.19248E-01    0.58612E+04
    0.19637E-01    0.58277E+04
    0.20034E-01    0.57909E+04
    0.20438E-01    0.57502E+04
    0.20851E-01    0.57054E+04
    0.21272E-01    0.56568E+04
    0.21702E-01    0.56051E+04
    0.22141E-01    0.55506E+04
    0.22588E-01    0.54938E+04
    0.23044E-01    0.54353E+04
    0.23510E-01    0.53750E+04
    0.23985E-01    0.53129E+04
    0.24469E-01    0.52491E+04
    0.24964E-01    0.51835E+04
    0.25468E-01    0.51160E+04
    0.25982E-01    0.50468E+04
    0.26507E-01    0.49756E+04
    0.27043E-01    0.49024E+04
    0.27589E-01    0.48272E+04
    0.28146E-01    0.47501E+04
    0.28715E-01    0.46712E+04
    0.29295E-01    0.45908E+04
    0.29887E-01    0.45092E+04
    0.30490E-01    0.44266E+04
    0.31106E-01    0.43433E+04
    0.31735E-01    0.42596E+04
    0.32376E-01    0.41760E+04
    0.33030E-01    0.40926E+04
    0.33697E-01    0.40098E+04
    0.34378E-01    0.39278E+04
    0.35072E-01    0.38468E+04
    0.35781E-01    0.37671E+04
    0.36504E-01    0.36887E+04
    0.37241E-01    0.36118E+04
    0.37993E-01    0.35365E+04
    0.38761E-01    0.34631E+04
    0.39544E-01    0.33915E+04
    0.40343E-01    0.33219E+04
    0.41158E-01    0.32544E+04
    0.41989E-01    0.31891E+04
    0.42838E-01    0.31264E+04
    0.43703E-01    0.30662E+04
    0.44586E-01    0.30090E+04
    0.45486E-01    0.29548E+04
    0.46405E-01    0.29036E+04
    0.47343E-01    0.28551E+04
    0.48299E-01    0.28092E+04
    0.49275E-01    0.27656E+04
    0.50270E-01    0.27240E+04
    0.51286E-01    0.26843E+04
    0.52322E-01    0.26464E+04
    0.53379E-01    0.26100E+04
    0.54457E-01    0.25749E+04
    0.55557E-01    0.25407E+04
    0.56680E-01    0.25071E+04
    0.57825E-01    0.24737E+04
    0.58993E-01    0.24402E+04
    0.60184E-01    0.24062E+04
    0.61400E-01    0.23715E+04
    0.62641E-01    0.23357E+04
    0.63906E-01    0.22983E+04
    0.65197E-01    0.22588E+04
    0.66514E-01    0.22168E+04
    0.67858E-01    0.21726E+04
    0.69229E-01    0.21268E+04
    0.70627E-01    0.20799E+04
    0.72054E-01    0.20312E+04
    0.73510E-01    0.19795E+04
    0.74994E-01    0.19241E+04
    0.76509E-01    0.18655E+04
    0.78055E-01    0.18052E+04
    0.79632E-01    0.17440E+04
    0.81241E-01    0.16825E+04
    0.82882E-01    0.16208E+04
    0.84556E-01    0.15597E+04
    0.86264E-01    0.14998E+04
    0.88007E-01    0.14418E+04
    0.89785E-01    0.13863E+04
    0.91598E-01    0.13339E+04
    0.93449E-01    0.12849E+04
    0.95337E-01    0.12399E+04
    0.97263E-01    0.11992E+04
    0.99227E-01    0.11627E+04
    0.10123E+00    0.11304E+04
    0.10328E+00    0.11022E+04
    0.10536E+00    0.10776E+04
    0.10749E+00    0.10561E+04
    0.10966E+00    0.10370E+04
    0.11188E+00    0.10197E+04
    0.11414E+00    0.10034E+04
    0.11644E+00    0.98714E+03
    0.11880E+00    0.97024E+03
    0.12120E+00    0.95194E+03
    0.12365E+00    0.93157E+03
    0.12614E+00    0.90875E+03
    0.12869E+00    0.88327E+03
    0.13129E+00    0.85525E+03
    0.13394E+00    0.82500E+03
    0.13665E+00    0.79303E+03
    0.13941E+00    0.76000E+03
    0.14223E+00    0.72671E+03
    0.14510E+00    0.69398E+03
    0.14803E+00    0.66275E+03
    0.15102E+00    0.63386E+03
    0.15407E+00    0.60801E+03
    0.15718E+00    0.58557E+03
    0.16036E+00    0.56656E+03
    0.16360E+00    0.55063E+03
    0.16690E+00    0.53722E+03
    0.17028E+00    0.52565E+03
    0.17371E+00    0.51516E+03
    0.17722E+00    0.50495E+03
    0.18080E+00    0.49417E+03
    0.18446E+00    0.48207E+03
    0.18818E+00    0.46817E+03
    0.19198E+00    0.45239E+03
    0.19586E+00    0.43511E+03
    0.19982E+00    0.41698E+03
    0.20386E+00    0.39872E+03
    0.20797E+00    0.38108E+03
    0.21218E+00    0.36474E+03
    0.21646E+00    0.35023E+03
    0.22083E+00    0.33779E+03
    0.22530E+00    0.32734E+03
    0.22985E+00    0.31846E+03
    0.23449E+00    0.31054E+03
    0.23923E+00    0.30289E+03
    0.24406E+00    0.29488E+03
    0.24899E+00    0.28605E+03
    0.25402E+00    0.27631E+03
    0.25915E+00    0.26586E+03
    0.26439E+00    0.25514E+03
    0.26973E+00    0.24468E+03
    0.27518E+00    0.23494E+03
    0.28074E+00    0.22627E+03
    0.28641E+00    0.21873E+03
    0.29219E+00    0.21211E+03
    0.29810E+00    0.20603E+03
    0.30412E+00    0.20006E+03
    0.31026E+00    0.19387E+03
    0.31653E+00    0.18734E+03
    0.32292E+00    0.18053E+03
    0.32945E+00    0.17372E+03
    0.33610E+00    0.16724E+03
    0.34289E+00    0.16127E+03
    0.34982E+00    0.15587E+03
    0.35689E+00    0.15095E+03
    0.36409E+00    0.14629E+03
    0.37145E+00    0.14166E+03
    0.37895E+00    0.13696E+03
    0.38661E+00    0.13222E+03
    0.39442E+00    0.12755E+03
    0.40239E+00    0.12312E+03
    0.41052E+00    0.11898E+03
    0.41881E+00    0.11512E+03
    0.42727E+00    0.11146E+03
    0.43590E+00    0.10788E+03
    0.44471E+00    0.10434E+03
    0.45369E+00    0.10085E+03
    0.46286E+00    0.97473E+02
    0.47221E+00    0.94267E+02
    0.48174E+00    0.91230E+02
    0.49148E+00    0.88329E+02
    0.50141E+00    0.85511E+02
    0.51153E+00    0.82762E+02
    0.52187E+00    0.80088E+02
    0.53241E+00    0.77519E+02
    0.54317E+00    0.75062E+02
    0.55414E+00    0.72701E+02
    0.56533E+00    0.70419E+02
    0.57675E+00    0.68215E+02
    0.58840E+00    0.66088E+02
    0.60029E+00    0.64036E+02
    0.61242E+00    0.62058E+02
    0.62479E+00    0.60151E+02
    0.63741E+00    0.58311E+02
    0.65029E+00    0.56537E+02
    0.66342E+00    0.54826E+02
    0.67683E+00    0.53175E+02
    0.69050E+00    0.51582E+02
    0.70445E+00    0.50044E+02
    0.71868E+00    0.48560E+02
    0.73320E+00    0.47127E+02
    0.74801E+00    0.45744E+02
    0.76312E+00    0.44408E+02
    0.77854E+00    0.43118E+02
    0.79426E+00    0.41872E+02
    0.81031E+00    0.40668E+02
    0.82668E+00    0.39504E+02
    0.84338E+00    0.38380E+02
    0.86041E+00    0.37294E+02
    0.87780E+00    0.36244E+02
    0.89553E+00    0.35228E+02
    0.91362E+00    0.34246E+02
    0.93208E+00    0.33297E+02
    0.95091E+00    0.32378E+02
    0.97011E+00    0.31489E+02
    0.98971E+00    0.30629E+02
    0.10097E+01    0.29796E+02
    0.10301E+01    0.28990E+02
    0.10509E+01    0.28209E+02
    0.10721E+01    0.27453E+02
    0.10938E+01    0.26720E+02
    0.11159E+01    0.26010E+02
    0.11384E+01    0.25322E+02
    0.11614E+01    0.24654E+02
    0.11849E+01    0.24007E+02
    0.12088E+01    0.23379E+02
    0.12333E+01    0.22770E+02
    0.12582E+01    0.22179E+02
    0.12836E+01    0.21605E+02
    0.13095E+01    0.21048E+02
    0.13360E+01    0.20507E+02
    0.13630E+01    0.19981E+02
    0.13905E+01    0.19470E+02
    0.14186E+01    0.18973E+02
    0.14472E+01    0.18491E+02
    0.14765E+01    0.18021E+02
    0.15063E+01    0.17565E+02
    0.15367E+01    0.17121E+02
    0.15678E+01    0.16689E+02
    0.15994E+01    0.16269E+02
    0.16318E+01    0.15860E+02
    0.16647E+01    0.15461E+02
    0.16984E+01    0.15073E+02
    0.17327E+01    0.14695E+02
    0.17677E+01    0.14327E+02
    0.18034E+01    0.13968E+02
    0.18398E+01    0.13618E+02
    0.18770E+01    0.13277E+02
    0.19149E+01    0.12943E+02
    0.19536E+01    0.12618E+02
    0.19930E+01    0.12301E+02
    0.20333E+01    0.11991E+02
    0.20744E+01    0.11689E+02
    0.21163E+01    0.11394E+02
    0.21590E+01    0.11106E+02
    0.22026E+01    0.10826E+02
    0.22471E+01    0.10552E+02
    0.22925E+01    0.10285E+02
    0.23388E+01    0.10024E+02
    0.23861E+01    0.97705E+01
