    0.10000E-03    0.64662E+02
    0.10202E-03    0.65915E+02
    0.10408E-03    0.67192E+02
    0.10618E-03    0.68494E+02
    0.10833E-03    0.69821E+02
    0.11052E-03    0.71174E+02
    0.11275E-03    0.72553E+02
    0.11503E-03    0.73958E+02
    0.11735E-03    0.75391E+02
    0.11972E-03    0.76852E+02
    0.12214E-03    0.78340E+02
    0.12461E-03    0.79858E+02
    0.12712E-03    0.81405E+02
    0.12969E-03    0.82982E+02
    0.13231E-03    0.84589E+02
    0.13499E-03    0.86227E+02
    0.13771E-03    0.87898E+02
    0.14049E-03    0.89600E+02
    0.14333E-03    0.91335E+02
    0.14623E-03    0.93104E+02
    0.14918E-03    0.94907E+02
    0.15220E-03    0.96745E+02
    0.15527E-03    0.98618E+02
    0.15841E-03    0.10053E+03
    0.16161E-03    0.10247E+03
    0.16487E-03    0.10446E+03
    0.16820E-03    0.10648E+03
    0.17160E-03    0.10854E+03
    0.17507E-03    0.11064E+03
    0.17860E-03    0.11278E+03
    0.18221E-03    0.11497E+03
    0.18589E-03    0.11719E+03
    0.18965E-03    0.11946E+03
    0.19348E-03    0.12177E+03
    0.19739E-03    0.12413E+03
    0.20138E-03    0.12653E+03
    0.20544E-03    0.12898E+03
    0.20959E-03    0.13147E+03
    0.21383E-03    0.13402E+03
    0.21815E-03    0.13661E+03
    0.22255E-03    0.13925E+03
    0.22705E-03    0.14194E+03
    0.23164E-03    0.14469E+03
    0.23632E-03    0.14749E+03
    0.24109E-03    0.15034E+03
    0.24596E-03    0.15325E+03
    0.25093E-03    0.15621E+03
    0.25600E-03    0.15923E+03
    0.26117E-03    0.16230E+03
    0.26645E-03    0.16544E+03
    0.27183E-03    0.16864E+03
    0.27732E-03    0.17189E+03
    0.28292E-03    0.17521E+03
    0.28864E-03    0.17860E+03
    0.29447E-03    0.18205E+03
    0.30042E-03    0.18556E+03
    0.30649E-03    0.18914E+03
    0.31268E-03    0.19279E+03
    0.31899E-03    0.19651E+03
    0.32544E-03    0.20030E+03
    0.33201E-03    0.20417E+03
    0.33872E-03    0.20810E+03
    0.34556E-03    0.21212E+03
    0.35254E-03    0.21620E+03
    0.35966E-03    0.22037E+03
    0.36693E-03    0.22462E+03
    0.37434E-03    0.22894E+03
    0.38190E-03    0.23335E+03
    0.38962E-03    0.23785E+03
    0.39749E-03    0.24242E+03
    0.40552E-03    0.24709E+03
    0.41371E-03    0.25184E+03
    0.42207E-03    0.25669E+03
    0.43060E-03    0.26162E+03
    0.43929E-03    0.26665E+03
    0.44817E-03    0.27177E+03
    0.45722E-03    0.27699E+03
    0.46646E-03    0.28231E+03
    0.47588E-03    0.28773E+03
    0.48550E-03    0.29325E+03
    0.49530E-03    0.29887E+03
    0.50531E-03    0.30460E+03
    0.51552E-03    0.31043E+03
    0.52593E-03    0.31638E+03
    0.53656E-03    0.32243E+03
    0.54739E-03    0.32860E+03
    0.55845E-03    0.33489E+03
    0.56973E-03    0.34129E+03
    0.58124E-03    0.34781E+03
    0.59299E-03    0.35445E+03
    0.60496E-03    0.36121E+03
    0.61719E-03    0.36810E+03
    0.62965E-03    0.37512E+03
    0.64237E-03    0.38226E+03
    0.65535E-03    0.38954E+03
    0.66859E-03    0.39695E+03
    0.68210E-03    0.40449E+03
    0.69588E-03    0.41217E+03
    0.70993E-03    0.42000E+03
    0.72427E-03    0.42796E+03
    0.73891E-03    0.43607E+03
    0.75383E-03    0.44433E+03
    0.76906E-03    0.45273E+03
    0.78460E-03    0.46129E+03
    0.80045E-03    0.47000E+03
    0.81662E-03    0.47887E+03
    0.83311E-03    0.48789E+03
    0.84994E-03    0.49708E+03
    0.86711E-03    0.50643E+03
    0.88463E-03    0.51595E+03
    0.90250E-03    0.52563E+03
    0.92073E-03    0.53548E+03
    0.93933E-03    0.54551E+03
    0.95831E-03    0.55572E+03
    0.97767E-03    0.56610E+03
    0.99742E-03    0.57666E+03
    0.10176E-02    0.58741E+03
    0.10381E-02    0.59834E+03
    0.10591E-02    0.60946E+03
    0.10805E-02    0.62077E+03
    0.11023E-02    0.63227E+03
    0.11246E-02    0.64397E+03
    0.11473E-02    0.65587E+03
    0.11705E-02    0.66797E+03
    0.11941E-02    0.68028E+03
    0.12182E-02    0.69279E+03
    0.12429E-02    0.70551E+03
    0.12680E-02    0.71844E+03
    0.12936E-02    0.73158E+03
    0.13197E-02    0.74494E+03
    0.13464E-02    0.75852E+03
    0.13736E-02    0.77232E+03
    0.14013E-02    0.78635E+03
    0.14296E-02    0.80060E+03
    0.14585E-02    0.81508E+03
    0.14880E-02    0.82979E+03
    0.15180E-02    0.84473E+03
    0.15487E-02    0.85991E+03
    0.15800E-02    0.87533E+03
    0.16119E-02    0.89099E+03
    0.16445E-02    0.90690E+03
    0.16777E-02    0.92304E+03
    0.17116E-02    0.93944E+03
    0.17462E-02    0.95608E+03
    0.17814E-02    0.97298E+03
    0.18174E-02    0.99012E+03
    0.18541E-02    0.10075E+04
    0.18916E-02    0.10252E+04
    0.19298E-02    0.10431E+04
    0.19688E-02    0.10613E+04
    0.20086E-02    0.10797E+04
    0.20491E-02    0.10984E+04
    0.20905E-02    0.11174E+04
    0.21328E-02    0.11366E+04
    0.21758E-02    0.11561E+04
    0.22198E-02    0.11759E+04
    0.22646E-02    0.11959E+04
    0.23104E-02    0.12162E+04
    0.23571E-02    0.12368E+04
    0.24047E-02    0.12576E+04
    0.24533E-02    0.12787E+04
    0.25028E-02    0.13001E+04
    0.25534E-02    0.13217E+04
    0.26050E-02    0.13437E+04
    0.26576E-02    0.13658E+04
    0.27113E-02    0.13883E+04
    0.27660E-02    0.14110E+04
    0.28219E-02    0.14340E+04
    0.28789E-02    0.14573E+04
    0.29371E-02    0.14808E+04
    0.29964E-02    0.15046E+04
    0.30569E-02    0.15286E+04
    0.31187E-02    0.15529E+04
    0.31817E-02    0.15774E+04
    0.32460E-02    0.16022E+04
    0.33115E-02    0.16273E+04
    0.33784E-02    0.16526E+04
    0.34467E-02    0.16781E+04
    0.35163E-02    0.17039E+04
    0.35874E-02    0.17300E+04
    0.36598E-02    0.17562E+04
    0.37338E-02    0.17827E+04
    0.38092E-02    0.18094E+04
    0.38861E-02    0.18363E+04
    0.39646E-02    0.18634E+04
    0.40447E-02    0.18907E+04
    0.41264E-02    0.19182E+04
    0.42098E-02    0.19460E+04
    0.42948E-02    0.19739E+04
    0.43816E-02    0.20020E+04
    0.44701E-02    0.20302E+04
    0.45604E-02    0.20586E+04
    0.46525E-02    0.20870E+04
    0.47465E-02    0.21156E+04
    0.48424E-02    0.21443E+04
    0.49402E-02    0.21730E+04
    0.50400E-02    0.22019E+04
    0.51419E-02    0.22309E+04
    0.52457E-02    0.22600E+04
    0.53517E-02    0.22893E+04
    0.54598E-02    0.23186E+04
    0.55701E-02    0.23480E+04
    0.56826E-02    0.23774E+04
    0.57974E-02    0.24069E+04
    0.59145E-02    0.24363E+04
    0.60340E-02    0.24657E+04
    0.61559E-02    0.24950E+04
    0.62803E-02    0.25243E+04
    0.64072E-02    0.25535E+04
    0.65366E-02    0.25827E+04
    0.66686E-02    0.26118E+04
    0.68033E-02    0.26407E+04
    0.69408E-02    0.26695E+04
    0.70810E-02    0.26981E+04
    0.72240E-02    0.27265E+04
    0.73700E-02    0.27548E+04
    0.75189E-02    0.27828E+04
    0.76708E-02    0.28105E+04
    0.78257E-02    0.28380E+04
    0.79838E-02    0.28651E+04
    0.81451E-02    0.28920E+04
    0.83096E-02    0.29184E+04
    0.84775E-02    0.29445E+04
    0.86488E-02    0.29702E+04
    0.88235E-02    0.29955E+04
    0.90017E-02    0.30203E+04
    0.91836E-02    0.30445E+04
    0.93691E-02    0.30683E+04
    0.95583E-02    0.30915E+04
    0.97514E-02    0.31141E+04
    0.99484E-02    0.31361E+04
    0.10149E-01    0.31574E+04
    0.10354E-01    0.31780E+04
    0.10564E-01    0.31980E+04
    0.10777E-01    0.32171E+04
    0.10995E-01    0.32355E+04
    0.11217E-01    0.32530E+04
    0.11443E-01    0.32697E+04
    0.11675E-01    0.32854E+04
    0.11910E-01    0.33002E+04
    0.12151E-01    0.33141E+04
    0.12397E-01    0.33270E+04
    0.12647E-01    0.33389E+04
    0.12902E-01    0.33497E+04
    0.13163E-01    0.33594E+04
    0.13429E-01    0.33678E+04
    0.13700E-01    0.33749E+04
    0.13977E-01    0.33805E+04
    0.14259E-01    0.33847E+04
    0.14547E-01    0.33878E+04
    0.14841E-01    0.33900E+04
    0.15141E-01    0.33915E+04
    0.15447E-01    0.33924E+04
    0.15759E-01    0.33925E+04
    0.16077E-01    0.33914E+04
    0.16402E-01    0.33887E+04
    0.16734E-01    0.33841E+04
    0.17072E-01    0.33771E+04
    0.17416E-01    0.33680E+04
    0.17768E-01    0.33568E+04
    0.18127E-01    0.33440E+04
    0.18493E-01    0.33296E+04
    0.18867E-01    0.33140E+04
    0.19248E-01    0.32969E+04
    0.19637E-01    0.32781E+04
    0.20034E-01    0.32574E+04
    0.20438E-01    0.32345E+04
    0.20851E-01    0.32094E+04
    0.21272E-01    0.31821E+04
    0.21702E-01    0.31530E+04
    0.22141E-01    0.31224E+04
    0.22588E-01    0.30905E+04
    0.23044E-01    0.30576E+04
    0.23510E-01    0.30236E+04
    0.23985E-01    0.29887E+04
    0.24469E-01    0.29528E+04
    0.24964E-01    0.29159E+04
    0.25468E-01    0.28780E+04
    0.25982E-01    0.28390E+04
    0.26507E-01    0.27990E+04
    0.27043E-01    0.27578E+04
    0.27589E-01    0.27155E+04
    0.28146E-01    0.26720E+04
    0.28715E-01    0.26276E+04
    0.29295E-01    0.25824E+04
    0.29887E-01    0.25364E+04
    0.30490E-01    0.24899E+04
    0.31106E-01    0.24430E+04
    0.31735E-01    0.23959E+04
    0.32376E-01    0.23487E+04
    0.33030E-01    0.23018E+04
    0.33697E-01    0.22551E+04
    0.34378E-01    0.22089E+04
    0.35072E-01    0.21633E+04
    0.35781E-01    0.21183E+04
    0.36504E-01    0.20741E+04
    0.37241E-01    0.20308E+04
    0.37993E-01    0.19883E+04
    0.38761E-01    0.19469E+04
    0.39544E-01    0.19065E+04
    0.40343E-01    0.18673E+04
    0.41158E-01    0.18292E+04
    0.41989E-01    0.17924E+04
    0.42838E-01    0.17570E+04
    0.43703E-01    0.17230E+04
    0.44586E-01    0.16907E+04
    0.45486E-01    0.16601E+04
    0.46405E-01    0.16312E+04
    0.47343E-01    0.16039E+04
    0.48299E-01    0.15779E+04
    0.49275E-01    0.15533E+04
    0.50270E-01    0.15298E+04
    0.51286E-01    0.15074E+04
    0.52322E-01    0.14860E+04
    0.53379E-01    0.14654E+04
    0.54457E-01    0.14456E+04
    0.55557E-01    0.14263E+04
    0.56680E-01    0.14073E+04
    0.57825E-01    0.13885E+04
    0.58993E-01    0.13695E+04
    0.60184E-01    0.13503E+04
    0.61400E-01    0.13307E+04
    0.62641E-01    0.13105E+04
    0.63906E-01    0.12894E+04
    0.65197E-01    0.12671E+04
    0.66514E-01    0.12434E+04
    0.67858E-01    0.12184E+04
    0.69229E-01    0.11925E+04
    0.70627E-01    0.11660E+04
    0.72054E-01    0.11385E+04
    0.73510E-01    0.11093E+04
    0.74994E-01    0.10779E+04
    0.76509E-01    0.10448E+04
    0.78055E-01    0.10107E+04
    0.79632E-01    0.97603E+03
    0.81241E-01    0.94117E+03
    0.82882E-01    0.90627E+03
    0.84556E-01    0.87166E+03
    0.86264E-01    0.83774E+03
    0.88007E-01    0.80488E+03
    0.89785E-01    0.77343E+03
    0.91598E-01    0.74372E+03
    0.93449E-01    0.71600E+03
    0.95337E-01    0.69051E+03
    0.97263E-01    0.66741E+03
    0.99227E-01    0.64676E+03
    0.10123E+00    0.62849E+03
    0.10328E+00    0.61253E+03
    0.10536E+00    0.59862E+03
    0.10749E+00    0.58648E+03
    0.10966E+00    0.57575E+03
    0.11188E+00    0.56600E+03
    0.11414E+00    0.55681E+03
    0.11644E+00    0.54769E+03
    0.11880E+00    0.53820E+03
    0.12120E+00    0.52789E+03
    0.12365E+00    0.51641E+03
    0.12614E+00    0.50354E+03
    0.12869E+00    0.48914E+03
    0.13129E+00    0.47329E+03
    0.13394E+00    0.45615E+03
    0.13665E+00    0.43803E+03
    0.13941E+00    0.41930E+03
    0.14223E+00    0.40041E+03
    0.14510E+00    0.38184E+03
    0.14803E+00    0.36411E+03
    0.15102E+00    0.34773E+03
    0.15407E+00    0.33307E+03
    0.15718E+00    0.32037E+03
    0.16036E+00    0.30962E+03
    0.16360E+00    0.30064E+03
    0.16690E+00    0.29311E+03
    0.17028E+00    0.28663E+03
    0.17371E+00    0.28077E+03
    0.17722E+00    0.27507E+03
    0.18080E+00    0.26905E+03
    0.18446E+00    0.26226E+03
    0.18818E+00    0.25443E+03
    0.19198E+00    0.24552E+03
    0.19586E+00    0.23575E+03
    0.19982E+00    0.22547E+03
    0.20386E+00    0.21512E+03
    0.20797E+00    0.20512E+03
    0.21218E+00    0.19587E+03
    0.21646E+00    0.18766E+03
    0.22083E+00    0.18065E+03
    0.22530E+00    0.17477E+03
    0.22985E+00    0.16981E+03
    0.23449E+00    0.16540E+03
    0.23923E+00    0.16115E+03
    0.24406E+00    0.15668E+03
    0.24899E+00    0.15174E+03
    0.25402E+00    0.14626E+03
    0.25915E+00    0.14037E+03
    0.26439E+00    0.13432E+03
    0.26973E+00    0.12842E+03
    0.27518E+00    0.12293E+03
    0.28074E+00    0.11806E+03
    0.28641E+00    0.11384E+03
    0.29219E+00    0.11016E+03
    0.29810E+00    0.10678E+03
    0.30412E+00    0.10347E+03
    0.31026E+00    0.10003E+03
    0.31653E+00    0.96383E+02
    0.32292E+00    0.92572E+02
    0.32945E+00    0.88762E+02
    0.33610E+00    0.85135E+02
    0.34289E+00    0.81806E+02
    0.34982E+00    0.78807E+02
    0.35689E+00    0.76088E+02
    0.36409E+00    0.73517E+02
    0.37145E+00    0.70963E+02
    0.37895E+00    0.68368E+02
    0.38661E+00    0.65741E+02
    0.39442E+00    0.63158E+02
    0.40239E+00    0.60705E+02
    0.41052E+00    0.58427E+02
    0.41881E+00    0.56313E+02
    0.42727E+00    0.54310E+02
    0.43590E+00    0.52355E+02
    0.44471E+00    0.50417E+02
    0.45369E+00    0.48507E+02
    0.46286E+00    0.46665E+02
    0.47221E+00    0.44920E+02
    0.48174E+00    0.43272E+02
    0.49148E+00    0.41704E+02
    0.50141E+00    0.40182E+02
    0.51153E+00    0.38699E+02
    0.52187E+00    0.37258E+02
    0.53241E+00    0.35878E+02
    0.54317E+00    0.34562E+02
    0.55414E+00    0.33302E+02
    0.56533E+00    0.32087E+02
    0.57675E+00    0.30916E+02
    0.58840E+00    0.29788E+02
    0.60029E+00    0.28704E+02
    0.61242E+00    0.27663E+02
    0.62479E+00    0.26662E+02
    0.63741E+00    0.25699E+02
    0.65029E+00    0.24774E+02
    0.66342E+00    0.23885E+02
    0.67683E+00    0.23030E+02
    0.69050E+00    0.22209E+02
    0.70445E+00    0.21419E+02
    0.71868E+00    0.20659E+02
    0.73320E+00    0.19929E+02
    0.74801E+00    0.19227E+02
    0.76312E+00    0.18552E+02
    0.77854E+00    0.17903E+02
    0.79426E+00    0.17278E+02
    0.81031E+00    0.16678E+02
    0.82668E+00    0.16101E+02
    0.84338E+00    0.15546E+02
    0.86041E+00    0.15013E+02
    0.87780E+00    0.14500E+02
    0.89553E+00    0.14006E+02
    0.91362E+00    0.13532E+02
    0.93208E+00    0.13076E+02
    0.95091E+00    0.12637E+02
    0.97011E+00    0.12215E+02
    0.98971E+00    0.11809E+02
    0.10097E+01    0.11418E+02
    0.10301E+01    0.11042E+02
    0.10509E+01    0.10680E+02
    0.10721E+01    0.10332E+02
    0.10938E+01    0.99969E+01
    0.11159E+01    0.96744E+01
    0.11384E+01    0.93638E+01
    0.11614E+01    0.90649E+01
    0.11849E+01    0.87770E+01
    0.12088E+01    0.84997E+01
    0.12333E+01    0.82326E+01
    0.12582E+01    0.79753E+01
    0.12836E+01    0.77275E+01
    0.13095E+01    0.74886E+01
    0.13360E+01    0.72584E+01
    0.13630E+01    0.70365E+01
    0.13905E+01    0.68226E+01
    0.14186E+01    0.66163E+01
    0.14472E+01    0.64174E+01
    0.14765E+01    0.62255E+01
    0.15063E+01    0.60403E+01
    0.15367E+01    0.58615E+01
    0.15678E+01    0.56890E+01
    0.15994E+01    0.55224E+01
    0.16318E+01    0.53615E+01
    0.16647E+01    0.52061E+01
    0.16984E+01    0.50559E+01
    0.17327E+01    0.49109E+01
    0.17677E+01    0.47708E+01
    0.18034E+01    0.46353E+01
    0.18398E+01    0.45044E+01
    0.18770E+01    0.43779E+01
    0.19149E+01    0.42556E+01
    0.19536E+01    0.41373E+01
    0.19930E+01    0.40230E+01
    0.20333E+01    0.39123E+01
    0.20744E+01    0.38053E+01
    0.21163E+01    0.37016E+01
    0.21590E+01    0.36010E+01
    0.22026E+01    0.35035E+01
    0.22471E+01    0.34089E+01
    0.22925E+01    0.33170E+01
    0.23388E+01    0.32278E+01
    0.23861E+01    0.31410E+01
