    0.10000E-03    0.42906E+03
    0.10202E-03    0.43737E+03
    0.10408E-03    0.44584E+03
    0.10618E-03    0.45448E+03
    0.10833E-03    0.46328E+03
    0.11052E-03    0.47226E+03
    0.11275E-03    0.48141E+03
    0.11503E-03    0.49073E+03
    0.11735E-03    0.50024E+03
    0.11972E-03    0.50993E+03
    0.12214E-03    0.51980E+03
    0.12461E-03    0.52987E+03
    0.12712E-03    0.54013E+03
    0.12969E-03    0.55059E+03
    0.13231E-03    0.56125E+03
    0.13499E-03    0.57212E+03
    0.13771E-03    0.58320E+03
    0.14049E-03    0.59449E+03
    0.14333E-03    0.60601E+03
    0.14623E-03    0.61774E+03
    0.14918E-03    0.62970E+03
    0.15220E-03    0.64189E+03
    0.15527E-03    0.65431E+03
    0.15841E-03    0.66698E+03
    0.16161E-03    0.67989E+03
    0.16487E-03    0.69305E+03
    0.16820E-03    0.70646E+03
    0.17160E-03    0.72014E+03
    0.17507E-03    0.73407E+03
    0.17860E-03    0.74827E+03
    0.18221E-03    0.76275E+03
    0.18589E-03    0.77751E+03
    0.18965E-03    0.79255E+03
    0.19348E-03    0.80788E+03
    0.19739E-03    0.82351E+03
    0.20138E-03    0.83943E+03
    0.20544E-03    0.85567E+03
    0.20959E-03    0.87221E+03
    0.21383E-03    0.88908E+03
    0.21815E-03    0.90627E+03
    0.22255E-03    0.92379E+03
    0.22705E-03    0.94164E+03
    0.23164E-03    0.95984E+03
    0.23632E-03    0.97839E+03
    0.24109E-03    0.99729E+03
    0.24596E-03    0.10166E+04
    0.25093E-03    0.10362E+04
    0.25600E-03    0.10562E+04
    0.26117E-03    0.10766E+04
    0.26645E-03    0.10974E+04
    0.27183E-03    0.11186E+04
    0.27732E-03    0.11402E+04
    0.28292E-03    0.11622E+04
    0.28864E-03    0.11846E+04
    0.29447E-03    0.12074E+04
    0.30042E-03    0.12307E+04
    0.30649E-03    0.12545E+04
    0.31268E-03    0.12787E+04
    0.31899E-03    0.13033E+04
    0.32544E-03    0.13284E+04
    0.33201E-03    0.13540E+04
    0.33872E-03    0.13801E+04
    0.34556E-03    0.14067E+04
    0.35254E-03    0.14338E+04
    0.35966E-03    0.14614E+04
    0.36693E-03    0.14895E+04
    0.37434E-03    0.15181E+04
    0.38190E-03    0.15473E+04
    0.38962E-03    0.15771E+04
    0.39749E-03    0.16074E+04
    0.40552E-03    0.16383E+04
    0.41371E-03    0.16697E+04
    0.42207E-03    0.17018E+04
    0.43060E-03    0.17345E+04
    0.43929E-03    0.17677E+04
    0.44817E-03    0.18016E+04
    0.45722E-03    0.18362E+04
    0.46646E-03    0.18714E+04
    0.47588E-03    0.19072E+04
    0.48550E-03    0.19437E+04
    0.49530E-03    0.19809E+04
    0.50531E-03    0.20188E+04
    0.51552E-03    0.20574E+04
    0.52593E-03    0.20968E+04
    0.53656E-03    0.21368E+04
    0.54739E-03    0.21776E+04
    0.55845E-03    0.22192E+04
    0.56973E-03    0.22615E+04
    0.58124E-03    0.23046E+04
    0.59299E-03    0.23485E+04
    0.60496E-03    0.23932E+04
    0.61719E-03    0.24387E+04
    0.62965E-03    0.24851E+04
    0.64237E-03    0.25323E+04
    0.65535E-03    0.25804E+04
    0.66859E-03    0.26294E+04
    0.68210E-03    0.26792E+04
    0.69588E-03    0.27300E+04
    0.70993E-03    0.27817E+04
    0.72427E-03    0.28343E+04
    0.73891E-03    0.28878E+04
    0.75383E-03    0.29424E+04
    0.76906E-03    0.29979E+04
    0.78460E-03    0.30544E+04
    0.80045E-03    0.31119E+04
    0.81662E-03    0.31705E+04
    0.83311E-03    0.32301E+04
    0.84994E-03    0.32908E+04
    0.86711E-03    0.33525E+04
    0.88463E-03    0.34154E+04
    0.90250E-03    0.34793E+04
    0.92073E-03    0.35444E+04
    0.93933E-03    0.36106E+04
    0.95831E-03    0.36780E+04
    0.97767E-03    0.37465E+04
    0.99742E-03    0.38163E+04
    0.10176E-02    0.38872E+04
    0.10381E-02    0.39594E+04
    0.10591E-02    0.40328E+04
    0.10805E-02    0.41075E+04
    0.11023E-02    0.41835E+04
    0.11246E-02    0.42608E+04
    0.11473E-02    0.43393E+04
    0.11705E-02    0.44193E+04
    0.11941E-02    0.45005E+04
    0.12182E-02    0.45831E+04
    0.12429E-02    0.46671E+04
    0.12680E-02    0.47525E+04
    0.12936E-02    0.48393E+04
    0.13197E-02    0.49276E+04
    0.13464E-02    0.50173E+04
    0.13736E-02    0.51084E+04
    0.14013E-02    0.52011E+04
    0.14296E-02    0.52952E+04
    0.14585E-02    0.53909E+04
    0.14880E-02    0.54881E+04
    0.15180E-02    0.55868E+04
    0.15487E-02    0.56871E+04
    0.15800E-02    0.57890E+04
    0.16119E-02    0.58924E+04
    0.16445E-02    0.59975E+04
    0.16777E-02    0.61042E+04
    0.17116E-02    0.62125E+04
    0.17462E-02    0.63225E+04
    0.17814E-02    0.64341E+04
    0.18174E-02    0.65474E+04
    0.18541E-02    0.66624E+04
    0.18916E-02    0.67791E+04
    0.19298E-02    0.68974E+04
    0.19688E-02    0.70176E+04
    0.20086E-02    0.71394E+04
    0.20491E-02    0.72630E+04
    0.20905E-02    0.73883E+04
    0.21328E-02    0.75153E+04
    0.21758E-02    0.76442E+04
    0.22198E-02    0.77748E+04
    0.22646E-02    0.79071E+04
    0.23104E-02    0.80413E+04
    0.23571E-02    0.81772E+04
    0.24047E-02    0.83149E+04
    0.24533E-02    0.84544E+04
    0.25028E-02    0.85956E+04
    0.25534E-02    0.87387E+04
    0.26050E-02    0.88835E+04
    0.26576E-02    0.90301E+04
    0.27113E-02    0.91785E+04
    0.27660E-02    0.93286E+04
    0.28219E-02    0.94806E+04
    0.28789E-02    0.96342E+04
    0.29371E-02    0.97896E+04
    0.29964E-02    0.99468E+04
    0.30569E-02    0.10106E+05
    0.31187E-02    0.10266E+05
    0.31817E-02    0.10428E+05
    0.32460E-02    0.10592E+05
    0.33115E-02    0.10758E+05
    0.33784E-02    0.10925E+05
    0.34467E-02    0.11094E+05
    0.35163E-02    0.11264E+05
    0.35874E-02    0.11437E+05
    0.36598E-02    0.11610E+05
    0.37338E-02    0.11785E+05
    0.38092E-02    0.11961E+05
    0.38861E-02    0.12139E+05
    0.39646E-02    0.12318E+05
    0.40447E-02    0.12498E+05
    0.41264E-02    0.12680E+05
    0.42098E-02    0.12864E+05
    0.42948E-02    0.13050E+05
    0.43816E-02    0.13237E+05
    0.44701E-02    0.13424E+05
    0.45604E-02    0.13610E+05
    0.46525E-02    0.13795E+05
    0.47465E-02    0.13978E+05
    0.48424E-02    0.14160E+05
    0.49402E-02    0.14342E+05
    0.50400E-02    0.14526E+05
    0.51419E-02    0.14712E+05
    0.52457E-02    0.14901E+05
    0.53517E-02    0.15093E+05
    0.54598E-02    0.15287E+05
    0.55701E-02    0.15482E+05
    0.56826E-02    0.15676E+05
    0.57974E-02    0.15870E+05
    0.59145E-02    0.16063E+05
    0.60340E-02    0.16255E+05
    0.61559E-02    0.16447E+05
    0.62803E-02    0.16639E+05
    0.64072E-02    0.16831E+05
    0.65366E-02    0.17022E+05
    0.66686E-02    0.17213E+05
    0.68033E-02    0.17402E+05
    0.69408E-02    0.17591E+05
    0.70810E-02    0.17779E+05
    0.72240E-02    0.17965E+05
    0.73700E-02    0.18150E+05
    0.75189E-02    0.18333E+05
    0.76708E-02    0.18514E+05
    0.78257E-02    0.18694E+05
    0.79838E-02    0.18872E+05
    0.81451E-02    0.19047E+05
    0.83096E-02    0.19220E+05
    0.84775E-02    0.19390E+05
    0.86488E-02    0.19558E+05
    0.88235E-02    0.19723E+05
    0.90017E-02    0.19884E+05
    0.91836E-02    0.20043E+05
    0.93691E-02    0.20197E+05
    0.95583E-02    0.20348E+05
    0.97514E-02    0.20495E+05
    0.99484E-02    0.20638E+05
    0.10149E-01    0.20777E+05
    0.10354E-01    0.20911E+05
    0.10564E-01    0.21040E+05
    0.10777E-01    0.21164E+05
    0.10995E-01    0.21283E+05
    0.11217E-01    0.21396E+05
    0.11443E-01    0.21503E+05
    0.11675E-01    0.21605E+05
    0.11910E-01    0.21700E+05
    0.12151E-01    0.21789E+05
    0.12397E-01    0.21871E+05
    0.12647E-01    0.21947E+05
    0.12902E-01    0.22016E+05
    0.13163E-01    0.22077E+05
    0.13429E-01    0.22130E+05
    0.13700E-01    0.22173E+05
    0.13977E-01    0.22207E+05
    0.14259E-01    0.22233E+05
    0.14547E-01    0.22250E+05
    0.14841E-01    0.22262E+05
    0.15141E-01    0.22269E+05
    0.15447E-01    0.22272E+05
    0.15759E-01    0.22269E+05
    0.16077E-01    0.22259E+05
    0.16402E-01    0.22239E+05
    0.16734E-01    0.22205E+05
    0.17072E-01    0.22157E+05
    0.17416E-01    0.22093E+05
    0.17768E-01    0.22017E+05
    0.18127E-01    0.21930E+05
    0.18493E-01    0.21832E+05
    0.18867E-01    0.21726E+05
    0.19248E-01    0.21611E+05
    0.19637E-01    0.21485E+05
    0.20034E-01    0.21346E+05
    0.20438E-01    0.21193E+05
    0.20851E-01    0.21024E+05
    0.21272E-01    0.20843E+05
    0.21702E-01    0.20649E+05
    0.22141E-01    0.20445E+05
    0.22588E-01    0.20233E+05
    0.23044E-01    0.20014E+05
    0.23510E-01    0.19789E+05
    0.23985E-01    0.19558E+05
    0.24469E-01    0.19320E+05
    0.24964E-01    0.19075E+05
    0.25468E-01    0.18824E+05
    0.25982E-01    0.18566E+05
    0.26507E-01    0.18301E+05
    0.27043E-01    0.18030E+05
    0.27589E-01    0.17750E+05
    0.28146E-01    0.17464E+05
    0.28715E-01    0.17171E+05
    0.29295E-01    0.16873E+05
    0.29887E-01    0.16571E+05
    0.30490E-01    0.16265E+05
    0.31106E-01    0.15957E+05
    0.31735E-01    0.15648E+05
    0.32376E-01    0.15338E+05
    0.33030E-01    0.15030E+05
    0.33697E-01    0.14724E+05
    0.34378E-01    0.14422E+05
    0.35072E-01    0.14123E+05
    0.35781E-01    0.13828E+05
    0.36504E-01    0.13539E+05
    0.37241E-01    0.13256E+05
    0.37993E-01    0.12979E+05
    0.38761E-01    0.12708E+05
    0.39544E-01    0.12444E+05
    0.40343E-01    0.12188E+05
    0.41158E-01    0.11940E+05
    0.41989E-01    0.11700E+05
    0.42838E-01    0.11469E+05
    0.43703E-01    0.11248E+05
    0.44586E-01    0.11037E+05
    0.45486E-01    0.10838E+05
    0.46405E-01    0.10649E+05
    0.47343E-01    0.10471E+05
    0.48299E-01    0.10302E+05
    0.49275E-01    0.10142E+05
    0.50270E-01    0.99887E+04
    0.51286E-01    0.98427E+04
    0.52322E-01    0.97030E+04
    0.53379E-01    0.95690E+04
    0.54457E-01    0.94398E+04
    0.55557E-01    0.93141E+04
    0.56680E-01    0.91905E+04
    0.57825E-01    0.90676E+04
    0.58993E-01    0.89443E+04
    0.60184E-01    0.88195E+04
    0.61400E-01    0.86921E+04
    0.62641E-01    0.85610E+04
    0.63906E-01    0.84244E+04
    0.65197E-01    0.82803E+04
    0.66514E-01    0.81274E+04
    0.67858E-01    0.79666E+04
    0.69229E-01    0.78003E+04
    0.70627E-01    0.76302E+04
    0.72054E-01    0.74540E+04
    0.73510E-01    0.72673E+04
    0.74994E-01    0.70672E+04
    0.76509E-01    0.68564E+04
    0.78055E-01    0.66395E+04
    0.79632E-01    0.64198E+04
    0.81241E-01    0.61989E+04
    0.82882E-01    0.59781E+04
    0.84556E-01    0.57594E+04
    0.86264E-01    0.55454E+04
    0.88007E-01    0.53382E+04
    0.89785E-01    0.51401E+04
    0.91598E-01    0.49532E+04
    0.93449E-01    0.47790E+04
    0.95337E-01    0.46188E+04
    0.97263E-01    0.44738E+04
    0.99227E-01    0.43440E+04
    0.10123E+00    0.42293E+04
    0.10328E+00    0.41290E+04
    0.10536E+00    0.40414E+04
    0.10749E+00    0.39648E+04
    0.10966E+00    0.38970E+04
    0.11188E+00    0.38353E+04
    0.11414E+00    0.37770E+04
    0.11644E+00    0.37192E+04
    0.11880E+00    0.36591E+04
    0.12120E+00    0.35940E+04
    0.12365E+00    0.35218E+04
    0.12614E+00    0.34411E+04
    0.12869E+00    0.33511E+04
    0.13129E+00    0.32523E+04
    0.13394E+00    0.31459E+04
    0.13665E+00    0.30335E+04
    0.13941E+00    0.29176E+04
    0.14223E+00    0.28009E+04
    0.14510E+00    0.26863E+04
    0.14803E+00    0.25771E+04
    0.15102E+00    0.24761E+04
    0.15407E+00    0.23857E+04
    0.15718E+00    0.23073E+04
    0.16036E+00    0.22407E+04
    0.16360E+00    0.21848E+04
    0.16690E+00    0.21377E+04
    0.17028E+00    0.20969E+04
    0.17371E+00    0.20598E+04
    0.17722E+00    0.20237E+04
    0.18080E+00    0.19856E+04
    0.18446E+00    0.19430E+04
    0.18818E+00    0.18942E+04
    0.19198E+00    0.18390E+04
    0.19586E+00    0.17787E+04
    0.19982E+00    0.17155E+04
    0.20386E+00    0.16520E+04
    0.20797E+00    0.15907E+04
    0.21218E+00    0.15339E+04
    0.21646E+00    0.14833E+04
    0.22083E+00    0.14398E+04
    0.22530E+00    0.14030E+04
    0.22985E+00    0.13716E+04
    0.23449E+00    0.13434E+04
    0.23923E+00    0.13161E+04
    0.24406E+00    0.12875E+04
    0.24899E+00    0.12562E+04
    0.25402E+00    0.12219E+04
    0.25915E+00    0.11852E+04
    0.26439E+00    0.11477E+04
    0.26973E+00    0.11110E+04
    0.27518E+00    0.10768E+04
    0.28074E+00    0.10462E+04
    0.28641E+00    0.10193E+04
    0.29219E+00    0.99550E+03
    0.29810E+00    0.97342E+03
    0.30412E+00    0.95170E+03
    0.31026E+00    0.92930E+03
    0.31653E+00    0.90576E+03
    0.32292E+00    0.88134E+03
    0.32945E+00    0.85698E+03
    0.33610E+00    0.83368E+03
    0.34289E+00    0.81205E+03
    0.34982E+00    0.79227E+03
    0.35689E+00    0.77404E+03
    0.36409E+00    0.75663E+03
    0.37145E+00    0.73934E+03
    0.37895E+00    0.72185E+03
    0.38661E+00    0.70423E+03
    0.39442E+00    0.68688E+03
    0.40239E+00    0.67026E+03
    0.41052E+00    0.65459E+03
    0.41881E+00    0.63981E+03
    0.42727E+00    0.62563E+03
    0.43590E+00    0.61173E+03
    0.44471E+00    0.59795E+03
    0.45369E+00    0.58435E+03
    0.46286E+00    0.57112E+03
    0.47221E+00    0.55842E+03
    0.48174E+00    0.54624E+03
    0.49148E+00    0.53449E+03
    0.50141E+00    0.52299E+03
    0.51153E+00    0.51172E+03
    0.52187E+00    0.50068E+03
    0.53241E+00    0.48998E+03
    0.54317E+00    0.47961E+03
    0.55414E+00    0.46954E+03
    0.56533E+00    0.45971E+03
    0.57675E+00    0.45013E+03
    0.58840E+00    0.44078E+03
    0.60029E+00    0.43166E+03
    0.61242E+00    0.42276E+03
    0.62479E+00    0.41409E+03
    0.63741E+00    0.40562E+03
    0.65029E+00    0.39734E+03
    0.66342E+00    0.38926E+03
    0.67683E+00    0.38136E+03
    0.69050E+00    0.37364E+03
    0.70445E+00    0.36609E+03
    0.71868E+00    0.35870E+03
    0.73320E+00    0.35146E+03
    0.74801E+00    0.34438E+03
    0.76312E+00    0.33744E+03
    0.77854E+00    0.33063E+03
    0.79426E+00    0.32397E+03
    0.81031E+00    0.31743E+03
    0.82668E+00    0.31102E+03
    0.84338E+00    0.30472E+03
    0.86041E+00    0.29855E+03
    0.87780E+00    0.29248E+03
    0.89553E+00    0.28653E+03
    0.91362E+00    0.28068E+03
    0.93208E+00    0.27494E+03
    0.95091E+00    0.26929E+03
    0.97011E+00    0.26374E+03
    0.98971E+00    0.25828E+03
    0.10097E+01    0.25291E+03
    0.10301E+01    0.24764E+03
    0.10509E+01    0.24244E+03
    0.10721E+01    0.23733E+03
    0.10938E+01    0.23231E+03
    0.11159E+01    0.22736E+03
    0.11384E+01    0.22249E+03
    0.11614E+01    0.21770E+03
    0.11849E+01    0.21298E+03
    0.12088E+01    0.20833E+03
    0.12333E+01    0.20376E+03
    0.12582E+01    0.19925E+03
    0.12836E+01    0.19481E+03
    0.13095E+01    0.19044E+03
    0.13360E+01    0.18614E+03
    0.13630E+01    0.18190E+03
    0.13905E+01    0.17772E+03
    0.14186E+01    0.17361E+03
    0.14472E+01    0.16957E+03
    0.14765E+01    0.16558E+03
    0.15063E+01    0.16166E+03
    0.15367E+01    0.15781E+03
    0.15678E+01    0.15401E+03
    0.15994E+01    0.15028E+03
    0.16318E+01    0.14661E+03
    0.16647E+01    0.14300E+03
    0.16984E+01    0.13945E+03
    0.17327E+01    0.13596E+03
    0.17677E+01    0.13252E+03
    0.18034E+01    0.12914E+03
    0.18398E+01    0.12581E+03
    0.18770E+01    0.12253E+03
    0.19149E+01    0.11931E+03
    0.19536E+01    0.11613E+03
    0.19930E+01    0.11300E+03
    0.20333E+01    0.10993E+03
    0.20744E+01    0.10691E+03
    0.21163E+01    0.10394E+03
    0.21590E+01    0.10104E+03
    0.22026E+01    0.98203E+02
    0.22471E+01    0.95430E+02
    0.22925E+01    0.92726E+02
    0.23388E+01    0.90090E+02
    0.23861E+01    0.87525E+02
