    0.10000E-03    0.52795E+02
    0.10202E-03    0.53818E+02
    0.10408E-03    0.54860E+02
    0.10618E-03    0.55923E+02
    0.10833E-03    0.57007E+02
    0.11052E-03    0.58111E+02
    0.11275E-03    0.59237E+02
    0.11503E-03    0.60385E+02
    0.11735E-03    0.61555E+02
    0.11972E-03    0.62747E+02
    0.12214E-03    0.63963E+02
    0.12461E-03    0.65202E+02
    0.12712E-03    0.66465E+02
    0.12969E-03    0.67752E+02
    0.13231E-03    0.69065E+02
    0.13499E-03    0.70402E+02
    0.13771E-03    0.71766E+02
    0.14049E-03    0.73156E+02
    0.14333E-03    0.74573E+02
    0.14623E-03    0.76017E+02
    0.14918E-03    0.77489E+02
    0.15220E-03    0.78990E+02
    0.15527E-03    0.80519E+02
    0.15841E-03    0.82079E+02
    0.16161E-03    0.83668E+02
    0.16487E-03    0.85288E+02
    0.16820E-03    0.86939E+02
    0.17160E-03    0.88622E+02
    0.17507E-03    0.90338E+02
    0.17860E-03    0.92086E+02
    0.18221E-03    0.93869E+02
    0.18589E-03    0.95686E+02
    0.18965E-03    0.97538E+02
    0.19348E-03    0.99425E+02
    0.19739E-03    0.10135E+03
    0.20138E-03    0.10331E+03
    0.20544E-03    0.10531E+03
    0.20959E-03    0.10735E+03
    0.21383E-03    0.10942E+03
    0.21815E-03    0.11154E+03
    0.22255E-03    0.11370E+03
    0.22705E-03    0.11590E+03
    0.23164E-03    0.11814E+03
    0.23632E-03    0.12042E+03
    0.24109E-03    0.12275E+03
    0.24596E-03    0.12512E+03
    0.25093E-03    0.12754E+03
    0.25600E-03    0.13001E+03
    0.26117E-03    0.13252E+03
    0.26645E-03    0.13508E+03
    0.27183E-03    0.13769E+03
    0.27732E-03    0.14035E+03
    0.28292E-03    0.14306E+03
    0.28864E-03    0.14583E+03
    0.29447E-03    0.14864E+03
    0.30042E-03    0.15151E+03
    0.30649E-03    0.15444E+03
    0.31268E-03    0.15742E+03
    0.31899E-03    0.16045E+03
    0.32544E-03    0.16355E+03
    0.33201E-03    0.16671E+03
    0.33872E-03    0.16992E+03
    0.34556E-03    0.17320E+03
    0.35254E-03    0.17654E+03
    0.35966E-03    0.17994E+03
    0.36693E-03    0.18341E+03
    0.37434E-03    0.18694E+03
    0.38190E-03    0.19054E+03
    0.38962E-03    0.19421E+03
    0.39749E-03    0.19795E+03
    0.40552E-03    0.20176E+03
    0.41371E-03    0.20564E+03
    0.42207E-03    0.20960E+03
    0.43060E-03    0.21363E+03
    0.43929E-03    0.21773E+03
    0.44817E-03    0.22192E+03
    0.45722E-03    0.22618E+03
    0.46646E-03    0.23052E+03
    0.47588E-03    0.23495E+03
    0.48550E-03    0.23946E+03
    0.49530E-03    0.24405E+03
    0.50531E-03    0.24873E+03
    0.51552E-03    0.25349E+03
    0.52593E-03    0.25835E+03
    0.53656E-03    0.26330E+03
    0.54739E-03    0.26834E+03
    0.55845E-03    0.27347E+03
    0.56973E-03    0.27870E+03
    0.58124E-03    0.28402E+03
    0.59299E-03    0.28945E+03
    0.60496E-03    0.29497E+03
    0.61719E-03    0.30060E+03
    0.62965E-03    0.30633E+03
    0.64237E-03    0.31217E+03
    0.65535E-03    0.31811E+03
    0.66859E-03    0.32416E+03
    0.68210E-03    0.33033E+03
    0.69588E-03    0.33660E+03
    0.70993E-03    0.34300E+03
    0.72427E-03    0.34950E+03
    0.73891E-03    0.35613E+03
    0.75383E-03    0.36287E+03
    0.76906E-03    0.36974E+03
    0.78460E-03    0.37673E+03
    0.80045E-03    0.38385E+03
    0.81662E-03    0.39109E+03
    0.83311E-03    0.39847E+03
    0.84994E-03    0.40598E+03
    0.86711E-03    0.41362E+03
    0.88463E-03    0.42139E+03
    0.90250E-03    0.42930E+03
    0.92073E-03    0.43736E+03
    0.93933E-03    0.44555E+03
    0.95831E-03    0.45389E+03
    0.97767E-03    0.46237E+03
    0.99742E-03    0.47100E+03
    0.10176E-02    0.47979E+03
    0.10381E-02    0.48872E+03
    0.10591E-02    0.49781E+03
    0.10805E-02    0.50705E+03
    0.11023E-02    0.51645E+03
    0.11246E-02    0.52601E+03
    0.11473E-02    0.53574E+03
    0.11705E-02    0.54562E+03
    0.11941E-02    0.55568E+03
    0.12182E-02    0.56590E+03
    0.12429E-02    0.57629E+03
    0.12680E-02    0.58686E+03
    0.12936E-02    0.59760E+03
    0.13197E-02    0.60852E+03
    0.13464E-02    0.61962E+03
    0.13736E-02    0.63089E+03
    0.14013E-02    0.64236E+03
    0.14296E-02    0.65400E+03
    0.14585E-02    0.66583E+03
    0.14880E-02    0.67785E+03
    0.15180E-02    0.69007E+03
    0.15487E-02    0.70247E+03
    0.15800E-02    0.71507E+03
    0.16119E-02    0.72787E+03
    0.16445E-02    0.74086E+03
    0.16777E-02    0.75406E+03
    0.17116E-02    0.76745E+03
    0.17462E-02    0.78105E+03
    0.17814E-02    0.79486E+03
    0.18174E-02    0.80887E+03
    0.18541E-02    0.82309E+03
    0.18916E-02    0.83752E+03
    0.19298E-02    0.85216E+03
    0.19688E-02    0.86701E+03
    0.20086E-02    0.88208E+03
    0.20491E-02    0.89736E+03
    0.20905E-02    0.91286E+03
    0.21328E-02    0.92857E+03
    0.21758E-02    0.94450E+03
    0.22198E-02    0.96065E+03
    0.22646E-02    0.97701E+03
    0.23104E-02    0.99360E+03
    0.23571E-02    0.10104E+04
    0.24047E-02    0.10274E+04
    0.24533E-02    0.10447E+04
    0.25028E-02    0.10621E+04
    0.25534E-02    0.10798E+04
    0.26050E-02    0.10977E+04
    0.26576E-02    0.11159E+04
    0.27113E-02    0.11342E+04
    0.27660E-02    0.11528E+04
    0.28219E-02    0.11716E+04
    0.28789E-02    0.11906E+04
    0.29371E-02    0.12098E+04
    0.29964E-02    0.12292E+04
    0.30569E-02    0.12488E+04
    0.31187E-02    0.12687E+04
    0.31817E-02    0.12888E+04
    0.32460E-02    0.13090E+04
    0.33115E-02    0.13295E+04
    0.33784E-02    0.13502E+04
    0.34467E-02    0.13710E+04
    0.35163E-02    0.13921E+04
    0.35874E-02    0.14134E+04
    0.36598E-02    0.14348E+04
    0.37338E-02    0.14564E+04
    0.38092E-02    0.14783E+04
    0.38861E-02    0.15002E+04
    0.39646E-02    0.15224E+04
    0.40447E-02    0.15447E+04
    0.41264E-02    0.15672E+04
    0.42098E-02    0.15899E+04
    0.42948E-02    0.16127E+04
    0.43816E-02    0.16356E+04
    0.44701E-02    0.16587E+04
    0.45604E-02    0.16819E+04
    0.46525E-02    0.17051E+04
    0.47465E-02    0.17285E+04
    0.48424E-02    0.17519E+04
    0.49402E-02    0.17755E+04
    0.50400E-02    0.17991E+04
    0.51419E-02    0.18228E+04
    0.52457E-02    0.18466E+04
    0.53517E-02    0.18705E+04
    0.54598E-02    0.18945E+04
    0.55701E-02    0.19185E+04
    0.56826E-02    0.19426E+04
    0.57974E-02    0.19666E+04
    0.59145E-02    0.19906E+04
    0.60340E-02    0.20146E+04
    0.61559E-02    0.20386E+04
    0.62803E-02    0.20626E+04
    0.64072E-02    0.20865E+04
    0.65366E-02    0.21103E+04
    0.66686E-02    0.21341E+04
    0.68033E-02    0.21577E+04
    0.69408E-02    0.21812E+04
    0.70810E-02    0.22046E+04
    0.72240E-02    0.22279E+04
    0.73700E-02    0.22509E+04
    0.75189E-02    0.22738E+04
    0.76708E-02    0.22965E+04
    0.78257E-02    0.23189E+04
    0.79838E-02    0.23411E+04
    0.81451E-02    0.23631E+04
    0.83096E-02    0.23847E+04
    0.84775E-02    0.24060E+04
    0.86488E-02    0.24270E+04
    0.88235E-02    0.24477E+04
    0.90017E-02    0.24679E+04
    0.91836E-02    0.24878E+04
    0.93691E-02    0.25072E+04
    0.95583E-02    0.25261E+04
    0.97514E-02    0.25446E+04
    0.99484E-02    0.25626E+04
    0.10149E-01    0.25800E+04
    0.10354E-01    0.25969E+04
    0.10564E-01    0.26132E+04
    0.10777E-01    0.26289E+04
    0.10995E-01    0.26439E+04
    0.11217E-01    0.26582E+04
    0.11443E-01    0.26718E+04
    0.11675E-01    0.26847E+04
    0.11910E-01    0.26968E+04
    0.12151E-01    0.27081E+04
    0.12397E-01    0.27187E+04
    0.12647E-01    0.27284E+04
    0.12902E-01    0.27373E+04
    0.13163E-01    0.27452E+04
    0.13429E-01    0.27521E+04
    0.13700E-01    0.27578E+04
    0.13977E-01    0.27624E+04
    0.14259E-01    0.27659E+04
    0.14547E-01    0.27685E+04
    0.14841E-01    0.27702E+04
    0.15141E-01    0.27714E+04
    0.15447E-01    0.27722E+04
    0.15759E-01    0.27723E+04
    0.16077E-01    0.27714E+04
    0.16402E-01    0.27692E+04
    0.16734E-01    0.27655E+04
    0.17072E-01    0.27598E+04
    0.17416E-01    0.27523E+04
    0.17768E-01    0.27432E+04
    0.18127E-01    0.27327E+04
    0.18493E-01    0.27210E+04
    0.18867E-01    0.27082E+04
    0.19248E-01    0.26943E+04
    0.19637E-01    0.26789E+04
    0.20034E-01    0.26620E+04
    0.20438E-01    0.26434E+04
    0.20851E-01    0.26228E+04
    0.21272E-01    0.26005E+04
    0.21702E-01    0.25767E+04
    0.22141E-01    0.25517E+04
    0.22588E-01    0.25257E+04
    0.23044E-01    0.24988E+04
    0.23510E-01    0.24711E+04
    0.23985E-01    0.24425E+04
    0.24469E-01    0.24132E+04
    0.24964E-01    0.23830E+04
    0.25468E-01    0.23520E+04
    0.25982E-01    0.23202E+04
    0.26507E-01    0.22875E+04
    0.27043E-01    0.22538E+04
    0.27589E-01    0.22192E+04
    0.28146E-01    0.21837E+04
    0.28715E-01    0.21474E+04
    0.29295E-01    0.21104E+04
    0.29887E-01    0.20729E+04
    0.30490E-01    0.20349E+04
    0.31106E-01    0.19965E+04
    0.31735E-01    0.19580E+04
    0.32376E-01    0.19195E+04
    0.33030E-01    0.18811E+04
    0.33697E-01    0.18429E+04
    0.34378E-01    0.18052E+04
    0.35072E-01    0.17679E+04
    0.35781E-01    0.17311E+04
    0.36504E-01    0.16950E+04
    0.37241E-01    0.16595E+04
    0.37993E-01    0.16248E+04
    0.38761E-01    0.15910E+04
    0.39544E-01    0.15579E+04
    0.40343E-01    0.15259E+04
    0.41158E-01    0.14947E+04
    0.41989E-01    0.14646E+04
    0.42838E-01    0.14356E+04
    0.43703E-01    0.14079E+04
    0.44586E-01    0.13815E+04
    0.45486E-01    0.13565E+04
    0.46405E-01    0.13328E+04
    0.47343E-01    0.13104E+04
    0.48299E-01    0.12892E+04
    0.49275E-01    0.12691E+04
    0.50270E-01    0.12499E+04
    0.51286E-01    0.12315E+04
    0.52322E-01    0.12140E+04
    0.53379E-01    0.11972E+04
    0.54457E-01    0.11810E+04
    0.55557E-01    0.11652E+04
    0.56680E-01    0.11497E+04
    0.57825E-01    0.11342E+04
    0.58993E-01    0.11187E+04
    0.60184E-01    0.11030E+04
    0.61400E-01    0.10870E+04
    0.62641E-01    0.10704E+04
    0.63906E-01    0.10532E+04
    0.65197E-01    0.10349E+04
    0.66514E-01    0.10155E+04
    0.67858E-01    0.99508E+03
    0.69229E-01    0.97390E+03
    0.70627E-01    0.95221E+03
    0.72054E-01    0.92969E+03
    0.73510E-01    0.90578E+03
    0.74994E-01    0.88010E+03
    0.76509E-01    0.85300E+03
    0.78055E-01    0.82506E+03
    0.79632E-01    0.79672E+03
    0.81241E-01    0.76818E+03
    0.82882E-01    0.73961E+03
    0.84556E-01    0.71128E+03
    0.86264E-01    0.68351E+03
    0.88007E-01    0.65660E+03
    0.89785E-01    0.63085E+03
    0.91598E-01    0.60652E+03
    0.93449E-01    0.58383E+03
    0.95337E-01    0.56295E+03
    0.97263E-01    0.54404E+03
    0.99227E-01    0.52713E+03
    0.10123E+00    0.51217E+03
    0.10328E+00    0.49911E+03
    0.10536E+00    0.48772E+03
    0.10749E+00    0.47778E+03
    0.10966E+00    0.46899E+03
    0.11188E+00    0.46102E+03
    0.11414E+00    0.45350E+03
    0.11644E+00    0.44604E+03
    0.11880E+00    0.43827E+03
    0.12120E+00    0.42985E+03
    0.12365E+00    0.42045E+03
    0.12614E+00    0.40992E+03
    0.12869E+00    0.39813E+03
    0.13129E+00    0.38515E+03
    0.13394E+00    0.37112E+03
    0.13665E+00    0.35629E+03
    0.13941E+00    0.34095E+03
    0.14223E+00    0.32548E+03
    0.14510E+00    0.31026E+03
    0.14803E+00    0.29575E+03
    0.15102E+00    0.28233E+03
    0.15407E+00    0.27033E+03
    0.15718E+00    0.25993E+03
    0.16036E+00    0.25114E+03
    0.16360E+00    0.24379E+03
    0.16690E+00    0.23763E+03
    0.17028E+00    0.23234E+03
    0.17371E+00    0.22756E+03
    0.17722E+00    0.22291E+03
    0.18080E+00    0.21799E+03
    0.18446E+00    0.21244E+03
    0.18818E+00    0.20604E+03
    0.19198E+00    0.19876E+03
    0.19586E+00    0.19076E+03
    0.19982E+00    0.18235E+03
    0.20386E+00    0.17387E+03
    0.20797E+00    0.16569E+03
    0.21218E+00    0.15811E+03
    0.21646E+00    0.15140E+03
    0.22083E+00    0.14567E+03
    0.22530E+00    0.14087E+03
    0.22985E+00    0.13682E+03
    0.23449E+00    0.13323E+03
    0.23923E+00    0.12976E+03
    0.24406E+00    0.12612E+03
    0.24899E+00    0.12209E+03
    0.25402E+00    0.11761E+03
    0.25915E+00    0.11280E+03
    0.26439E+00    0.10786E+03
    0.26973E+00    0.10303E+03
    0.27518E+00    0.98545E+02
    0.28074E+00    0.94565E+02
    0.28641E+00    0.91124E+02
    0.29219E+00    0.88123E+02
    0.29810E+00    0.85375E+02
    0.30412E+00    0.82678E+02
    0.31026E+00    0.79879E+02
    0.31653E+00    0.76907E+02
    0.32292E+00    0.73799E+02
    0.32945E+00    0.70692E+02
    0.33610E+00    0.67734E+02
    0.34289E+00    0.65022E+02
    0.34982E+00    0.62581E+02
    0.35689E+00    0.60370E+02
    0.36409E+00    0.58281E+02
    0.37145E+00    0.56206E+02
    0.37895E+00    0.54096E+02
    0.38661E+00    0.51960E+02
    0.39442E+00    0.49859E+02
    0.40239E+00    0.47865E+02
    0.41052E+00    0.46015E+02
    0.41881E+00    0.44300E+02
    0.42727E+00    0.42677E+02
    0.43590E+00    0.41091E+02
    0.44471E+00    0.39521E+02
    0.45369E+00    0.37973E+02
    0.46286E+00    0.36480E+02
    0.47221E+00    0.35067E+02
    0.48174E+00    0.33734E+02
    0.49148E+00    0.32466E+02
    0.50141E+00    0.31237E+02
    0.51153E+00    0.30039E+02
    0.52187E+00    0.28875E+02
    0.53241E+00    0.27762E+02
    0.54317E+00    0.26701E+02
    0.55414E+00    0.25685E+02
    0.56533E+00    0.24707E+02
    0.57675E+00    0.23765E+02
    0.58840E+00    0.22858E+02
    0.60029E+00    0.21987E+02
    0.61242E+00    0.21151E+02
    0.62479E+00    0.20348E+02
    0.63741E+00    0.19577E+02
    0.65029E+00    0.18836E+02
    0.66342E+00    0.18125E+02
    0.67683E+00    0.17442E+02
    0.69050E+00    0.16785E+02
    0.70445E+00    0.16155E+02
    0.71868E+00    0.15550E+02
    0.73320E+00    0.14969E+02
    0.74801E+00    0.14410E+02
    0.76312E+00    0.13874E+02
    0.77854E+00    0.13359E+02
    0.79426E+00    0.12865E+02
    0.81031E+00    0.12390E+02
    0.82668E+00    0.11934E+02
    0.84338E+00    0.11496E+02
    0.86041E+00    0.11075E+02
    0.87780E+00    0.10671E+02
    0.89553E+00    0.10283E+02
    0.91362E+00    0.99111E+01
    0.93208E+00    0.95535E+01
    0.95091E+00    0.92102E+01
    0.97011E+00    0.88804E+01
    0.98971E+00    0.85637E+01
    0.10097E+01    0.82595E+01
    0.10301E+01    0.79673E+01
    0.10509E+01    0.76867E+01
    0.10721E+01    0.74171E+01
    0.10938E+01    0.71581E+01
    0.11159E+01    0.69093E+01
    0.11384E+01    0.66702E+01
    0.11614E+01    0.64405E+01
    0.11849E+01    0.62198E+01
    0.12088E+01    0.60076E+01
    0.12333E+01    0.58038E+01
    0.12582E+01    0.56078E+01
    0.12836E+01    0.54194E+01
    0.13095E+01    0.52383E+01
    0.13360E+01    0.50642E+01
    0.13630E+01    0.48968E+01
    0.13905E+01    0.47358E+01
    0.14186E+01    0.45809E+01
    0.14472E+01    0.44319E+01
    0.14765E+01    0.42885E+01
    0.15063E+01    0.41505E+01
    0.15367E+01    0.40177E+01
    0.15678E+01    0.38898E+01
    0.15994E+01    0.37666E+01
    0.16318E+01    0.36480E+01
    0.16647E+01    0.35338E+01
    0.16984E+01    0.34237E+01
    0.17327E+01    0.33177E+01
    0.17677E+01    0.32156E+01
    0.18034E+01    0.31172E+01
    0.18398E+01    0.30224E+01
    0.18770E+01    0.29311E+01
    0.19149E+01    0.28431E+01
    0.19536E+01    0.27583E+01
    0.19930E+01    0.26766E+01
    0.20333E+01    0.25979E+01
    0.20744E+01    0.25219E+01
    0.21163E+01    0.24485E+01
    0.21590E+01    0.23776E+01
    0.22026E+01    0.23091E+01
    0.22471E+01    0.22427E+01
    0.22925E+01    0.21784E+01
    0.23388E+01    0.21160E+01
    0.23861E+01    0.20555E+01
