    0.10000E-03    0.48036E+02
    0.10202E-03    0.48967E+02
    0.10408E-03    0.49916E+02
    0.10618E-03    0.50883E+02
    0.10833E-03    0.51869E+02
    0.11052E-03    0.52874E+02
    0.11275E-03    0.53898E+02
    0.11503E-03    0.54942E+02
    0.11735E-03    0.56007E+02
    0.11972E-03    0.57092E+02
    0.12214E-03    0.58198E+02
    0.12461E-03    0.59325E+02
    0.12712E-03    0.60474E+02
    0.12969E-03    0.61646E+02
    0.13231E-03    0.62840E+02
    0.13499E-03    0.64057E+02
    0.13771E-03    0.65298E+02
    0.14049E-03    0.66563E+02
    0.14333E-03    0.67852E+02
    0.14623E-03    0.69166E+02
    0.14918E-03    0.70505E+02
    0.15220E-03    0.71871E+02
    0.15527E-03    0.73262E+02
    0.15841E-03    0.74681E+02
    0.16161E-03    0.76127E+02
    0.16487E-03    0.77601E+02
    0.16820E-03    0.79104E+02
    0.17160E-03    0.80635E+02
    0.17507E-03    0.82196E+02
    0.17860E-03    0.83787E+02
    0.18221E-03    0.85409E+02
    0.18589E-03    0.87062E+02
    0.18965E-03    0.88747E+02
    0.19348E-03    0.90465E+02
    0.19739E-03    0.92215E+02
    0.20138E-03    0.94000E+02
    0.20544E-03    0.95819E+02
    0.20959E-03    0.97672E+02
    0.21383E-03    0.99562E+02
    0.21815E-03    0.10149E+03
    0.22255E-03    0.10345E+03
    0.22705E-03    0.10545E+03
    0.23164E-03    0.10749E+03
    0.23632E-03    0.10957E+03
    0.24109E-03    0.11169E+03
    0.24596E-03    0.11385E+03
    0.25093E-03    0.11605E+03
    0.25600E-03    0.11829E+03
    0.26117E-03    0.12058E+03
    0.26645E-03    0.12291E+03
    0.27183E-03    0.12528E+03
    0.27732E-03    0.12770E+03
    0.28292E-03    0.13017E+03
    0.28864E-03    0.13268E+03
    0.29447E-03    0.13525E+03
    0.30042E-03    0.13786E+03
    0.30649E-03    0.14052E+03
    0.31268E-03    0.14323E+03
    0.31899E-03    0.14600E+03
    0.32544E-03    0.14881E+03
    0.33201E-03    0.15168E+03
    0.33872E-03    0.15461E+03
    0.34556E-03    0.15759E+03
    0.35254E-03    0.16063E+03
    0.35966E-03    0.16373E+03
    0.36693E-03    0.16688E+03
    0.37434E-03    0.17010E+03
    0.38190E-03    0.17337E+03
    0.38962E-03    0.17671E+03
    0.39749E-03    0.18011E+03
    0.40552E-03    0.18358E+03
    0.41371E-03    0.18711E+03
    0.42207E-03    0.19071E+03
    0.43060E-03    0.19438E+03
    0.43929E-03    0.19812E+03
    0.44817E-03    0.20192E+03
    0.45722E-03    0.20580E+03
    0.46646E-03    0.20976E+03
    0.47588E-03    0.21378E+03
    0.48550E-03    0.21789E+03
    0.49530E-03    0.22207E+03
    0.50531E-03    0.22632E+03
    0.51552E-03    0.23066E+03
    0.52593E-03    0.23508E+03
    0.53656E-03    0.23958E+03
    0.54739E-03    0.24417E+03
    0.55845E-03    0.24884E+03
    0.56973E-03    0.25360E+03
    0.58124E-03    0.25844E+03
    0.59299E-03    0.26338E+03
    0.60496E-03    0.26841E+03
    0.61719E-03    0.27353E+03
    0.62965E-03    0.27875E+03
    0.64237E-03    0.28406E+03
    0.65535E-03    0.28947E+03
    0.66859E-03    0.29498E+03
    0.68210E-03    0.30059E+03
    0.69588E-03    0.30630E+03
    0.70993E-03    0.31212E+03
    0.72427E-03    0.31804E+03
    0.73891E-03    0.32407E+03
    0.75383E-03    0.33021E+03
    0.76906E-03    0.33646E+03
    0.78460E-03    0.34282E+03
    0.80045E-03    0.34930E+03
    0.81662E-03    0.35589E+03
    0.83311E-03    0.36261E+03
    0.84994E-03    0.36944E+03
    0.86711E-03    0.37639E+03
    0.88463E-03    0.38347E+03
    0.90250E-03    0.39067E+03
    0.92073E-03    0.39800E+03
    0.93933E-03    0.40546E+03
    0.95831E-03    0.41305E+03
    0.97767E-03    0.42077E+03
    0.99742E-03    0.42863E+03
    0.10176E-02    0.43662E+03
    0.10381E-02    0.44475E+03
    0.10591E-02    0.45303E+03
    0.10805E-02    0.46144E+03
    0.11023E-02    0.47000E+03
    0.11246E-02    0.47870E+03
    0.11473E-02    0.48755E+03
    0.11705E-02    0.49655E+03
    0.11941E-02    0.50571E+03
    0.12182E-02    0.51501E+03
    0.12429E-02    0.52447E+03
    0.12680E-02    0.53409E+03
    0.12936E-02    0.54387E+03
    0.13197E-02    0.55381E+03
    0.13464E-02    0.56391E+03
    0.13736E-02    0.57417E+03
    0.14013E-02    0.58461E+03
    0.14296E-02    0.59521E+03
    0.14585E-02    0.60598E+03
    0.14880E-02    0.61692E+03
    0.15180E-02    0.62804E+03
    0.15487E-02    0.63933E+03
    0.15800E-02    0.65080E+03
    0.16119E-02    0.66244E+03
    0.16445E-02    0.67427E+03
    0.16777E-02    0.68628E+03
    0.17116E-02    0.69848E+03
    0.17462E-02    0.71086E+03
    0.17814E-02    0.72342E+03
    0.18174E-02    0.73618E+03
    0.18541E-02    0.74912E+03
    0.18916E-02    0.76225E+03
    0.19298E-02    0.77558E+03
    0.19688E-02    0.78910E+03
    0.20086E-02    0.80281E+03
    0.20491E-02    0.81672E+03
    0.20905E-02    0.83083E+03
    0.21328E-02    0.84513E+03
    0.21758E-02    0.85963E+03
    0.22198E-02    0.87433E+03
    0.22646E-02    0.88922E+03
    0.23104E-02    0.90432E+03
    0.23571E-02    0.91962E+03
    0.24047E-02    0.93512E+03
    0.24533E-02    0.95082E+03
    0.25028E-02    0.96671E+03
    0.25534E-02    0.98281E+03
    0.26050E-02    0.99911E+03
    0.26576E-02    0.10156E+04
    0.27113E-02    0.10323E+04
    0.27660E-02    0.10492E+04
    0.28219E-02    0.10663E+04
    0.28789E-02    0.10836E+04
    0.29371E-02    0.11011E+04
    0.29964E-02    0.11188E+04
    0.30569E-02    0.11366E+04
    0.31187E-02    0.11547E+04
    0.31817E-02    0.11730E+04
    0.32460E-02    0.11914E+04
    0.33115E-02    0.12101E+04
    0.33784E-02    0.12289E+04
    0.34467E-02    0.12479E+04
    0.35163E-02    0.12670E+04
    0.35874E-02    0.12864E+04
    0.36598E-02    0.13059E+04
    0.37338E-02    0.13256E+04
    0.38092E-02    0.13455E+04
    0.38861E-02    0.13655E+04
    0.39646E-02    0.13856E+04
    0.40447E-02    0.14059E+04
    0.41264E-02    0.14264E+04
    0.42098E-02    0.14470E+04
    0.42948E-02    0.14678E+04
    0.43816E-02    0.14887E+04
    0.44701E-02    0.15097E+04
    0.45604E-02    0.15308E+04
    0.46525E-02    0.15520E+04
    0.47465E-02    0.15732E+04
    0.48424E-02    0.15946E+04
    0.49402E-02    0.16160E+04
    0.50400E-02    0.16375E+04
    0.51419E-02    0.16591E+04
    0.52457E-02    0.16808E+04
    0.53517E-02    0.17026E+04
    0.54598E-02    0.17244E+04
    0.55701E-02    0.17462E+04
    0.56826E-02    0.17681E+04
    0.57974E-02    0.17900E+04
    0.59145E-02    0.18119E+04
    0.60340E-02    0.18337E+04
    0.61559E-02    0.18556E+04
    0.62803E-02    0.18774E+04
    0.64072E-02    0.18991E+04
    0.65366E-02    0.19208E+04
    0.66686E-02    0.19424E+04
    0.68033E-02    0.19640E+04
    0.69408E-02    0.19854E+04
    0.70810E-02    0.20067E+04
    0.72240E-02    0.20278E+04
    0.73700E-02    0.20488E+04
    0.75189E-02    0.20697E+04
    0.76708E-02    0.20903E+04
    0.78257E-02    0.21107E+04
    0.79838E-02    0.21309E+04
    0.81451E-02    0.21509E+04
    0.83096E-02    0.21706E+04
    0.84775E-02    0.21900E+04
    0.86488E-02    0.22091E+04
    0.88235E-02    0.22279E+04
    0.90017E-02    0.22463E+04
    0.91836E-02    0.22644E+04
    0.93691E-02    0.22821E+04
    0.95583E-02    0.22993E+04
    0.97514E-02    0.23162E+04
    0.99484E-02    0.23325E+04
    0.10149E-01    0.23484E+04
    0.10354E-01    0.23638E+04
    0.10564E-01    0.23786E+04
    0.10777E-01    0.23929E+04
    0.10995E-01    0.24065E+04
    0.11217E-01    0.24196E+04
    0.11443E-01    0.24320E+04
    0.11675E-01    0.24437E+04
    0.11910E-01    0.24547E+04
    0.12151E-01    0.24650E+04
    0.12397E-01    0.24746E+04
    0.12647E-01    0.24835E+04
    0.12902E-01    0.24916E+04
    0.13163E-01    0.24988E+04
    0.13429E-01    0.25051E+04
    0.13700E-01    0.25103E+04
    0.13977E-01    0.25145E+04
    0.14259E-01    0.25177E+04
    0.14547E-01    0.25200E+04
    0.14841E-01    0.25216E+04
    0.15141E-01    0.25227E+04
    0.15447E-01    0.25234E+04
    0.15759E-01    0.25235E+04
    0.16077E-01    0.25227E+04
    0.16402E-01    0.25207E+04
    0.16734E-01    0.25173E+04
    0.17072E-01    0.25121E+04
    0.17416E-01    0.25053E+04
    0.17768E-01    0.24971E+04
    0.18127E-01    0.24875E+04
    0.18493E-01    0.24768E+04
    0.18867E-01    0.24652E+04
    0.19248E-01    0.24525E+04
    0.19637E-01    0.24386E+04
    0.20034E-01    0.24232E+04
    0.20438E-01    0.24062E+04
    0.20851E-01    0.23875E+04
    0.21272E-01    0.23672E+04
    0.21702E-01    0.23456E+04
    0.22141E-01    0.23228E+04
    0.22588E-01    0.22991E+04
    0.23044E-01    0.22746E+04
    0.23510E-01    0.22494E+04
    0.23985E-01    0.22234E+04
    0.24469E-01    0.21967E+04
    0.24964E-01    0.21692E+04
    0.25468E-01    0.21410E+04
    0.25982E-01    0.21120E+04
    0.26507E-01    0.20823E+04
    0.27043E-01    0.20516E+04
    0.27589E-01    0.20201E+04
    0.28146E-01    0.19878E+04
    0.28715E-01    0.19548E+04
    0.29295E-01    0.19211E+04
    0.29887E-01    0.18869E+04
    0.30490E-01    0.18523E+04
    0.31106E-01    0.18174E+04
    0.31735E-01    0.17824E+04
    0.32376E-01    0.17473E+04
    0.33030E-01    0.17123E+04
    0.33697E-01    0.16776E+04
    0.34378E-01    0.16432E+04
    0.35072E-01    0.16093E+04
    0.35781E-01    0.15758E+04
    0.36504E-01    0.15429E+04
    0.37241E-01    0.15107E+04
    0.37993E-01    0.14791E+04
    0.38761E-01    0.14482E+04
    0.39544E-01    0.14182E+04
    0.40343E-01    0.13890E+04
    0.41158E-01    0.13606E+04
    0.41989E-01    0.13332E+04
    0.42838E-01    0.13068E+04
    0.43703E-01    0.12816E+04
    0.44586E-01    0.12575E+04
    0.45486E-01    0.12347E+04
    0.46405E-01    0.12132E+04
    0.47343E-01    0.11928E+04
    0.48299E-01    0.11735E+04
    0.49275E-01    0.11552E+04
    0.50270E-01    0.11377E+04
    0.51286E-01    0.11210E+04
    0.52322E-01    0.11050E+04
    0.53379E-01    0.10897E+04
    0.54457E-01    0.10749E+04
    0.55557E-01    0.10606E+04
    0.56680E-01    0.10464E+04
    0.57825E-01    0.10324E+04
    0.58993E-01    0.10183E+04
    0.60184E-01    0.10040E+04
    0.61400E-01    0.98937E+03
    0.62641E-01    0.97431E+03
    0.63906E-01    0.95859E+03
    0.65197E-01    0.94197E+03
    0.66514E-01    0.92430E+03
    0.67858E-01    0.90568E+03
    0.69229E-01    0.88639E+03
    0.70627E-01    0.86664E+03
    0.72054E-01    0.84613E+03
    0.73510E-01    0.82435E+03
    0.74994E-01    0.80097E+03
    0.76509E-01    0.77628E+03
    0.78055E-01    0.75083E+03
    0.79632E-01    0.72502E+03
    0.81241E-01    0.69902E+03
    0.82882E-01    0.67300E+03
    0.84556E-01    0.64719E+03
    0.86264E-01    0.62190E+03
    0.88007E-01    0.59738E+03
    0.89785E-01    0.57393E+03
    0.91598E-01    0.55176E+03
    0.93449E-01    0.53109E+03
    0.95337E-01    0.51207E+03
    0.97263E-01    0.49484E+03
    0.99227E-01    0.47944E+03
    0.10123E+00    0.46581E+03
    0.10328E+00    0.45391E+03
    0.10536E+00    0.44353E+03
    0.10749E+00    0.43448E+03
    0.10966E+00    0.42648E+03
    0.11188E+00    0.41921E+03
    0.11414E+00    0.41237E+03
    0.11644E+00    0.40558E+03
    0.11880E+00    0.39850E+03
    0.12120E+00    0.39082E+03
    0.12365E+00    0.38227E+03
    0.12614E+00    0.37267E+03
    0.12869E+00    0.36194E+03
    0.13129E+00    0.35011E+03
    0.13394E+00    0.33733E+03
    0.13665E+00    0.32382E+03
    0.13941E+00    0.30984E+03
    0.14223E+00    0.29574E+03
    0.14510E+00    0.28188E+03
    0.14803E+00    0.26865E+03
    0.15102E+00    0.25642E+03
    0.15407E+00    0.24549E+03
    0.15718E+00    0.23602E+03
    0.16036E+00    0.22801E+03
    0.16360E+00    0.22132E+03
    0.16690E+00    0.21571E+03
    0.17028E+00    0.21089E+03
    0.17371E+00    0.20654E+03
    0.17722E+00    0.20231E+03
    0.18080E+00    0.19783E+03
    0.18446E+00    0.19278E+03
    0.18818E+00    0.18696E+03
    0.19198E+00    0.18032E+03
    0.19586E+00    0.17303E+03
    0.19982E+00    0.16537E+03
    0.20386E+00    0.15765E+03
    0.20797E+00    0.15020E+03
    0.21218E+00    0.14330E+03
    0.21646E+00    0.13718E+03
    0.22083E+00    0.13196E+03
    0.22530E+00    0.12759E+03
    0.22985E+00    0.12391E+03
    0.23449E+00    0.12064E+03
    0.23923E+00    0.11749E+03
    0.24406E+00    0.11417E+03
    0.24899E+00    0.11050E+03
    0.25402E+00    0.10643E+03
    0.25915E+00    0.10205E+03
    0.26439E+00    0.97548E+02
    0.26973E+00    0.93152E+02
    0.27518E+00    0.89071E+02
    0.28074E+00    0.85449E+02
    0.28641E+00    0.82318E+02
    0.29219E+00    0.79589E+02
    0.29810E+00    0.77091E+02
    0.30412E+00    0.74639E+02
    0.31026E+00    0.72094E+02
    0.31653E+00    0.69390E+02
    0.32292E+00    0.66563E+02
    0.32945E+00    0.63736E+02
    0.33610E+00    0.61046E+02
    0.34289E+00    0.58579E+02
    0.34982E+00    0.56360E+02
    0.35689E+00    0.54351E+02
    0.36409E+00    0.52453E+02
    0.37145E+00    0.50568E+02
    0.37895E+00    0.48650E+02
    0.38661E+00    0.46709E+02
    0.39442E+00    0.44800E+02
    0.40239E+00    0.42988E+02
    0.41052E+00    0.41308E+02
    0.41881E+00    0.39751E+02
    0.42727E+00    0.38277E+02
    0.43590E+00    0.36838E+02
    0.44471E+00    0.35413E+02
    0.45369E+00    0.34007E+02
    0.46286E+00    0.32652E+02
    0.47221E+00    0.31370E+02
    0.48174E+00    0.30162E+02
    0.49148E+00    0.29012E+02
    0.50141E+00    0.27898E+02
    0.51153E+00    0.26811E+02
    0.52187E+00    0.25757E+02
    0.53241E+00    0.24748E+02
    0.54317E+00    0.23787E+02
    0.55414E+00    0.22867E+02
    0.56533E+00    0.21981E+02
    0.57675E+00    0.21128E+02
    0.58840E+00    0.20308E+02
    0.60029E+00    0.19520E+02
    0.61242E+00    0.18764E+02
    0.62479E+00    0.18038E+02
    0.63741E+00    0.17341E+02
    0.65029E+00    0.16672E+02
    0.66342E+00    0.16029E+02
    0.67683E+00    0.15412E+02
    0.69050E+00    0.14820E+02
    0.70445E+00    0.14251E+02
    0.71868E+00    0.13706E+02
    0.73320E+00    0.13182E+02
    0.74801E+00    0.12678E+02
    0.76312E+00    0.12195E+02
    0.77854E+00    0.11732E+02
    0.79426E+00    0.11287E+02
    0.81031E+00    0.10859E+02
    0.82668E+00    0.10449E+02
    0.84338E+00    0.10056E+02
    0.86041E+00    0.96781E+01
    0.87780E+00    0.93156E+01
    0.89553E+00    0.89677E+01
    0.91362E+00    0.86338E+01
    0.93208E+00    0.83134E+01
    0.95091E+00    0.80059E+01
    0.97011E+00    0.77108E+01
    0.98971E+00    0.74275E+01
    0.10097E+01    0.71556E+01
    0.10301E+01    0.68946E+01
    0.10509E+01    0.66441E+01
    0.10721E+01    0.64037E+01
    0.10938E+01    0.61729E+01
    0.11159E+01    0.59513E+01
    0.11384E+01    0.57385E+01
    0.11614E+01    0.55343E+01
    0.11849E+01    0.53381E+01
    0.12088E+01    0.51498E+01
    0.12333E+01    0.49690E+01
    0.12582E+01    0.47953E+01
    0.12836E+01    0.46286E+01
    0.13095E+01    0.44684E+01
    0.13360E+01    0.43145E+01
    0.13630E+01    0.41667E+01
    0.13905E+01    0.40247E+01
    0.14186E+01    0.38883E+01
    0.14472E+01    0.37571E+01
    0.14765E+01    0.36311E+01
    0.15063E+01    0.35099E+01
    0.15367E+01    0.33933E+01
    0.15678E+01    0.32813E+01
    0.15994E+01    0.31735E+01
    0.16318E+01    0.30698E+01
    0.16647E+01    0.29700E+01
    0.16984E+01    0.28740E+01
    0.17327E+01    0.27816E+01
    0.17677E+01    0.26928E+01
    0.18034E+01    0.26073E+01
    0.18398E+01    0.25250E+01
    0.18770E+01    0.24459E+01
    0.19149E+01    0.23698E+01
    0.19536E+01    0.22965E+01
    0.19930E+01    0.22260E+01
    0.20333E+01    0.21582E+01
    0.20744E+01    0.20928E+01
    0.21163E+01    0.20298E+01
    0.21590E+01    0.19690E+01
    0.22026E+01    0.19102E+01
    0.22471E+01    0.18534E+01
    0.22925E+01    0.17984E+01
    0.23388E+01    0.17451E+01
    0.23861E+01    0.16935E+01
