    0.10000E-03    0.78689E+02
    0.10202E-03    0.80213E+02
    0.10408E-03    0.81767E+02
    0.10618E-03    0.83352E+02
    0.10833E-03    0.84966E+02
    0.11052E-03    0.86613E+02
    0.11275E-03    0.88291E+02
    0.11503E-03    0.90001E+02
    0.11735E-03    0.91745E+02
    0.11972E-03    0.93522E+02
    0.12214E-03    0.95334E+02
    0.12461E-03    0.97180E+02
    0.12712E-03    0.99063E+02
    0.12969E-03    0.10098E+03
    0.13231E-03    0.10294E+03
    0.13499E-03    0.10493E+03
    0.13771E-03    0.10696E+03
    0.14049E-03    0.10904E+03
    0.14333E-03    0.11115E+03
    0.14623E-03    0.11330E+03
    0.14918E-03    0.11549E+03
    0.15220E-03    0.11773E+03
    0.15527E-03    0.12001E+03
    0.15841E-03    0.12233E+03
    0.16161E-03    0.12470E+03
    0.16487E-03    0.12712E+03
    0.16820E-03    0.12958E+03
    0.17160E-03    0.13209E+03
    0.17507E-03    0.13464E+03
    0.17860E-03    0.13725E+03
    0.18221E-03    0.13990E+03
    0.18589E-03    0.14261E+03
    0.18965E-03    0.14537E+03
    0.19348E-03    0.14819E+03
    0.19739E-03    0.15105E+03
    0.20138E-03    0.15398E+03
    0.20544E-03    0.15695E+03
    0.20959E-03    0.15999E+03
    0.21383E-03    0.16309E+03
    0.21815E-03    0.16624E+03
    0.22255E-03    0.16945E+03
    0.22705E-03    0.17273E+03
    0.23164E-03    0.17607E+03
    0.23632E-03    0.17948E+03
    0.24109E-03    0.18295E+03
    0.24596E-03    0.18648E+03
    0.25093E-03    0.19009E+03
    0.25600E-03    0.19376E+03
    0.26117E-03    0.19750E+03
    0.26645E-03    0.20132E+03
    0.27183E-03    0.20521E+03
    0.27732E-03    0.20917E+03
    0.28292E-03    0.21321E+03
    0.28864E-03    0.21733E+03
    0.29447E-03    0.22152E+03
    0.30042E-03    0.22580E+03
    0.30649E-03    0.23016E+03
    0.31268E-03    0.23460E+03
    0.31899E-03    0.23913E+03
    0.32544E-03    0.24374E+03
    0.33201E-03    0.24844E+03
    0.33872E-03    0.25323E+03
    0.34556E-03    0.25811E+03
    0.35254E-03    0.26309E+03
    0.35966E-03    0.26816E+03
    0.36693E-03    0.27332E+03
    0.37434E-03    0.27859E+03
    0.38190E-03    0.28395E+03
    0.38962E-03    0.28942E+03
    0.39749E-03    0.29499E+03
    0.40552E-03    0.30066E+03
    0.41371E-03    0.30644E+03
    0.42207E-03    0.31234E+03
    0.43060E-03    0.31834E+03
    0.43929E-03    0.32446E+03
    0.44817E-03    0.33069E+03
    0.45722E-03    0.33704E+03
    0.46646E-03    0.34351E+03
    0.47588E-03    0.35010E+03
    0.48550E-03    0.35681E+03
    0.49530E-03    0.36365E+03
    0.50531E-03    0.37062E+03
    0.51552E-03    0.37772E+03
    0.52593E-03    0.38495E+03
    0.53656E-03    0.39232E+03
    0.54739E-03    0.39983E+03
    0.55845E-03    0.40747E+03
    0.56973E-03    0.41526E+03
    0.58124E-03    0.42319E+03
    0.59299E-03    0.43126E+03
    0.60496E-03    0.43949E+03
    0.61719E-03    0.44787E+03
    0.62965E-03    0.45640E+03
    0.64237E-03    0.46509E+03
    0.65535E-03    0.47394E+03
    0.66859E-03    0.48295E+03
    0.68210E-03    0.49213E+03
    0.69588E-03    0.50147E+03
    0.70993E-03    0.51099E+03
    0.72427E-03    0.52067E+03
    0.73891E-03    0.53054E+03
    0.75383E-03    0.54058E+03
    0.76906E-03    0.55080E+03
    0.78460E-03    0.56121E+03
    0.80045E-03    0.57180E+03
    0.81662E-03    0.58258E+03
    0.83311E-03    0.59356E+03
    0.84994E-03    0.60473E+03
    0.86711E-03    0.61610E+03
    0.88463E-03    0.62767E+03
    0.90250E-03    0.63945E+03
    0.92073E-03    0.65143E+03
    0.93933E-03    0.66363E+03
    0.95831E-03    0.67604E+03
    0.97767E-03    0.68866E+03
    0.99742E-03    0.70150E+03
    0.10176E-02    0.71457E+03
    0.10381E-02    0.72786E+03
    0.10591E-02    0.74139E+03
    0.10805E-02    0.75514E+03
    0.11023E-02    0.76913E+03
    0.11246E-02    0.78336E+03
    0.11473E-02    0.79783E+03
    0.11705E-02    0.81254E+03
    0.11941E-02    0.82750E+03
    0.12182E-02    0.84271E+03
    0.12429E-02    0.85818E+03
    0.12680E-02    0.87390E+03
    0.12936E-02    0.88988E+03
    0.13197E-02    0.90613E+03
    0.13464E-02    0.92264E+03
    0.13736E-02    0.93942E+03
    0.14013E-02    0.95648E+03
    0.14296E-02    0.97381E+03
    0.14585E-02    0.99142E+03
    0.14880E-02    0.10093E+04
    0.15180E-02    0.10275E+04
    0.15487E-02    0.10459E+04
    0.15800E-02    0.10647E+04
    0.16119E-02    0.10837E+04
    0.16445E-02    0.11031E+04
    0.16777E-02    0.11227E+04
    0.17116E-02    0.11426E+04
    0.17462E-02    0.11629E+04
    0.17814E-02    0.11834E+04
    0.18174E-02    0.12043E+04
    0.18541E-02    0.12255E+04
    0.18916E-02    0.12469E+04
    0.19298E-02    0.12687E+04
    0.19688E-02    0.12908E+04
    0.20086E-02    0.13132E+04
    0.20491E-02    0.13360E+04
    0.20905E-02    0.13591E+04
    0.21328E-02    0.13824E+04
    0.21758E-02    0.14062E+04
    0.22198E-02    0.14302E+04
    0.22646E-02    0.14545E+04
    0.23104E-02    0.14792E+04
    0.23571E-02    0.15042E+04
    0.24047E-02    0.15296E+04
    0.24533E-02    0.15553E+04
    0.25028E-02    0.15813E+04
    0.25534E-02    0.16076E+04
    0.26050E-02    0.16342E+04
    0.26576E-02    0.16612E+04
    0.27113E-02    0.16885E+04
    0.27660E-02    0.17162E+04
    0.28219E-02    0.17441E+04
    0.28789E-02    0.17724E+04
    0.29371E-02    0.18010E+04
    0.29964E-02    0.18299E+04
    0.30569E-02    0.18591E+04
    0.31187E-02    0.18887E+04
    0.31817E-02    0.19185E+04
    0.32460E-02    0.19487E+04
    0.33115E-02    0.19792E+04
    0.33784E-02    0.20099E+04
    0.34467E-02    0.20410E+04
    0.35163E-02    0.20724E+04
    0.35874E-02    0.21040E+04
    0.36598E-02    0.21359E+04
    0.37338E-02    0.21681E+04
    0.38092E-02    0.22006E+04
    0.38861E-02    0.22333E+04
    0.39646E-02    0.22663E+04
    0.40447E-02    0.22995E+04
    0.41264E-02    0.23330E+04
    0.42098E-02    0.23667E+04
    0.42948E-02    0.24007E+04
    0.43816E-02    0.24349E+04
    0.44701E-02    0.24692E+04
    0.45604E-02    0.25037E+04
    0.46525E-02    0.25383E+04
    0.47465E-02    0.25730E+04
    0.48424E-02    0.26078E+04
    0.49402E-02    0.26427E+04
    0.50400E-02    0.26778E+04
    0.51419E-02    0.27130E+04
    0.52457E-02    0.27484E+04
    0.53517E-02    0.27840E+04
    0.54598E-02    0.28197E+04
    0.55701E-02    0.28554E+04
    0.56826E-02    0.28912E+04
    0.57974E-02    0.29270E+04
    0.59145E-02    0.29627E+04
    0.60340E-02    0.29985E+04
    0.61559E-02    0.30341E+04
    0.62803E-02    0.30698E+04
    0.64072E-02    0.31053E+04
    0.65366E-02    0.31408E+04
    0.66686E-02    0.31761E+04
    0.68033E-02    0.32113E+04
    0.69408E-02    0.32463E+04
    0.70810E-02    0.32811E+04
    0.72240E-02    0.33156E+04
    0.73700E-02    0.33500E+04
    0.75189E-02    0.33840E+04
    0.76708E-02    0.34177E+04
    0.78257E-02    0.34511E+04
    0.79838E-02    0.34841E+04
    0.81451E-02    0.35167E+04
    0.83096E-02    0.35489E+04
    0.84775E-02    0.35807E+04
    0.86488E-02    0.36119E+04
    0.88235E-02    0.36426E+04
    0.90017E-02    0.36727E+04
    0.91836E-02    0.37022E+04
    0.93691E-02    0.37311E+04
    0.95583E-02    0.37593E+04
    0.97514E-02    0.37868E+04
    0.99484E-02    0.38135E+04
    0.10149E-01    0.38394E+04
    0.10354E-01    0.38645E+04
    0.10564E-01    0.38887E+04
    0.10777E-01    0.39120E+04
    0.10995E-01    0.39343E+04
    0.11217E-01    0.39556E+04
    0.11443E-01    0.39759E+04
    0.11675E-01    0.39950E+04
    0.11910E-01    0.40130E+04
    0.12151E-01    0.40298E+04
    0.12397E-01    0.40455E+04
    0.12647E-01    0.40600E+04
    0.12902E-01    0.40731E+04
    0.13163E-01    0.40849E+04
    0.13429E-01    0.40951E+04
    0.13700E-01    0.41036E+04
    0.13977E-01    0.41104E+04
    0.14259E-01    0.41156E+04
    0.14547E-01    0.41193E+04
    0.14841E-01    0.41220E+04
    0.15141E-01    0.41237E+04
    0.15447E-01    0.41248E+04
    0.15759E-01    0.41249E+04
    0.16077E-01    0.41236E+04
    0.16402E-01    0.41203E+04
    0.16734E-01    0.41147E+04
    0.17072E-01    0.41062E+04
    0.17416E-01    0.40951E+04
    0.17768E-01    0.40815E+04
    0.18127E-01    0.40659E+04
    0.18493E-01    0.40484E+04
    0.18867E-01    0.40294E+04
    0.19248E-01    0.40086E+04
    0.19637E-01    0.39857E+04
    0.20034E-01    0.39606E+04
    0.20438E-01    0.39328E+04
    0.20851E-01    0.39022E+04
    0.21272E-01    0.38690E+04
    0.21702E-01    0.38336E+04
    0.22141E-01    0.37963E+04
    0.22588E-01    0.37576E+04
    0.23044E-01    0.37175E+04
    0.23510E-01    0.36763E+04
    0.23985E-01    0.36339E+04
    0.24469E-01    0.35902E+04
    0.24964E-01    0.35453E+04
    0.25468E-01    0.34992E+04
    0.25982E-01    0.34518E+04
    0.26507E-01    0.34031E+04
    0.27043E-01    0.33531E+04
    0.27589E-01    0.33016E+04
    0.28146E-01    0.32488E+04
    0.28715E-01    0.31948E+04
    0.29295E-01    0.31398E+04
    0.29887E-01    0.30840E+04
    0.30490E-01    0.30274E+04
    0.31106E-01    0.29704E+04
    0.31735E-01    0.29132E+04
    0.32376E-01    0.28559E+04
    0.33030E-01    0.27988E+04
    0.33697E-01    0.27421E+04
    0.34378E-01    0.26859E+04
    0.35072E-01    0.26305E+04
    0.35781E-01    0.25759E+04
    0.36504E-01    0.25222E+04
    0.37241E-01    0.24695E+04
    0.37993E-01    0.24179E+04
    0.38761E-01    0.23676E+04
    0.39544E-01    0.23185E+04
    0.40343E-01    0.22709E+04
    0.41158E-01    0.22246E+04
    0.41989E-01    0.21799E+04
    0.42838E-01    0.21368E+04
    0.43703E-01    0.20956E+04
    0.44586E-01    0.20564E+04
    0.45486E-01    0.20192E+04
    0.46405E-01    0.19841E+04
    0.47343E-01    0.19509E+04
    0.48299E-01    0.19194E+04
    0.49275E-01    0.18895E+04
    0.50270E-01    0.18610E+04
    0.51286E-01    0.18338E+04
    0.52322E-01    0.18078E+04
    0.53379E-01    0.17828E+04
    0.54457E-01    0.17588E+04
    0.55557E-01    0.17353E+04
    0.56680E-01    0.17123E+04
    0.57825E-01    0.16894E+04
    0.58993E-01    0.16664E+04
    0.60184E-01    0.16431E+04
    0.61400E-01    0.16193E+04
    0.62641E-01    0.15947E+04
    0.63906E-01    0.15691E+04
    0.65197E-01    0.15421E+04
    0.66514E-01    0.15133E+04
    0.67858E-01    0.14829E+04
    0.69229E-01    0.14515E+04
    0.70627E-01    0.14193E+04
    0.72054E-01    0.13859E+04
    0.73510E-01    0.13505E+04
    0.74994E-01    0.13124E+04
    0.76509E-01    0.12722E+04
    0.78055E-01    0.12308E+04
    0.79632E-01    0.11888E+04
    0.81241E-01    0.11464E+04
    0.82882E-01    0.11041E+04
    0.84556E-01    0.10621E+04
    0.86264E-01    0.10210E+04
    0.88007E-01    0.98107E+03
    0.89785E-01    0.94292E+03
    0.91598E-01    0.90687E+03
    0.93449E-01    0.87324E+03
    0.95337E-01    0.84231E+03
    0.97263E-01    0.81429E+03
    0.99227E-01    0.78923E+03
    0.10123E+00    0.76707E+03
    0.10328E+00    0.74770E+03
    0.10536E+00    0.73081E+03
    0.10749E+00    0.71607E+03
    0.10966E+00    0.70303E+03
    0.11188E+00    0.69119E+03
    0.11414E+00    0.68002E+03
    0.11644E+00    0.66894E+03
    0.11880E+00    0.65740E+03
    0.12120E+00    0.64488E+03
    0.12365E+00    0.63094E+03
    0.12614E+00    0.61530E+03
    0.12869E+00    0.59782E+03
    0.13129E+00    0.57858E+03
    0.13394E+00    0.55778E+03
    0.13665E+00    0.53580E+03
    0.13941E+00    0.51308E+03
    0.14223E+00    0.49016E+03
    0.14510E+00    0.46763E+03
    0.14803E+00    0.44613E+03
    0.15102E+00    0.42625E+03
    0.15407E+00    0.40847E+03
    0.15718E+00    0.39304E+03
    0.16036E+00    0.38000E+03
    0.16360E+00    0.36908E+03
    0.16690E+00    0.35992E+03
    0.17028E+00    0.35203E+03
    0.17371E+00    0.34489E+03
    0.17722E+00    0.33795E+03
    0.18080E+00    0.33061E+03
    0.18446E+00    0.32235E+03
    0.18818E+00    0.31283E+03
    0.19198E+00    0.30201E+03
    0.19586E+00    0.29014E+03
    0.19982E+00    0.27766E+03
    0.20386E+00    0.26510E+03
    0.20797E+00    0.25296E+03
    0.21218E+00    0.24173E+03
    0.21646E+00    0.23176E+03
    0.22083E+00    0.22323E+03
    0.22530E+00    0.21608E+03
    0.22985E+00    0.21003E+03
    0.23449E+00    0.20465E+03
    0.23923E+00    0.19946E+03
    0.24406E+00    0.19401E+03
    0.24899E+00    0.18799E+03
    0.25402E+00    0.18133E+03
    0.25915E+00    0.17417E+03
    0.26439E+00    0.16681E+03
    0.26973E+00    0.15963E+03
    0.27518E+00    0.15296E+03
    0.28074E+00    0.14703E+03
    0.28641E+00    0.14188E+03
    0.29219E+00    0.13739E+03
    0.29810E+00    0.13326E+03
    0.30412E+00    0.12922E+03
    0.31026E+00    0.12502E+03
    0.31653E+00    0.12057E+03
    0.32292E+00    0.11592E+03
    0.32945E+00    0.11128E+03
    0.33610E+00    0.10686E+03
    0.34289E+00    0.10279E+03
    0.34982E+00    0.99130E+02
    0.35689E+00    0.95802E+02
    0.36409E+00    0.92654E+02
    0.37145E+00    0.89528E+02
    0.37895E+00    0.86352E+02
    0.38661E+00    0.83139E+02
    0.39442E+00    0.79979E+02
    0.40239E+00    0.76978E+02
    0.41052E+00    0.74186E+02
    0.41881E+00    0.71594E+02
    0.42727E+00    0.69135E+02
    0.43590E+00    0.66733E+02
    0.44471E+00    0.64354E+02
    0.45369E+00    0.62009E+02
    0.46286E+00    0.59746E+02
    0.47221E+00    0.57600E+02
    0.48174E+00    0.55572E+02
    0.49148E+00    0.53640E+02
    0.50141E+00    0.51764E+02
    0.51153E+00    0.49935E+02
    0.52187E+00    0.48158E+02
    0.53241E+00    0.46454E+02
    0.54317E+00    0.44828E+02
    0.55414E+00    0.43269E+02
    0.56533E+00    0.41765E+02
    0.57675E+00    0.40314E+02
    0.58840E+00    0.38917E+02
    0.60029E+00    0.37572E+02
    0.61242E+00    0.36278E+02
    0.62479E+00    0.35033E+02
    0.63741E+00    0.33835E+02
    0.65029E+00    0.32683E+02
    0.66342E+00    0.31574E+02
    0.67683E+00    0.30507E+02
    0.69050E+00    0.29479E+02
    0.70445E+00    0.28491E+02
    0.71868E+00    0.27539E+02
    0.73320E+00    0.26623E+02
    0.74801E+00    0.25741E+02
    0.76312E+00    0.24892E+02
    0.77854E+00    0.24074E+02
    0.79426E+00    0.23287E+02
    0.81031E+00    0.22529E+02
    0.82668E+00    0.21798E+02
    0.84338E+00    0.21095E+02
    0.86041E+00    0.20418E+02
    0.87780E+00    0.19766E+02
    0.89553E+00    0.19138E+02
    0.91362E+00    0.18533E+02
    0.93208E+00    0.17950E+02
    0.95091E+00    0.17388E+02
    0.97011E+00    0.16847E+02
    0.98971E+00    0.16325E+02
    0.10097E+01    0.15822E+02
    0.10301E+01    0.15337E+02
    0.10509E+01    0.14869E+02
    0.10721E+01    0.14418E+02
    0.10938E+01    0.13983E+02
    0.11159E+01    0.13564E+02
    0.11384E+01    0.13159E+02
    0.11614E+01    0.12768E+02
    0.11849E+01    0.12391E+02
    0.12088E+01    0.12027E+02
    0.12333E+01    0.11676E+02
    0.12582E+01    0.11336E+02
    0.12836E+01    0.11008E+02
    0.13095E+01    0.10692E+02
    0.13360E+01    0.10386E+02
    0.13630E+01    0.10090E+02
    0.13905E+01    0.98042E+01
    0.14186E+01    0.95279E+01
    0.14472E+01    0.92606E+01
    0.14765E+01    0.90020E+01
    0.15063E+01    0.87519E+01
    0.15367E+01    0.85097E+01
    0.15678E+01    0.82754E+01
    0.15994E+01    0.80485E+01
    0.16318E+01    0.78287E+01
    0.16647E+01    0.76159E+01
    0.16984E+01    0.74097E+01
    0.17327E+01    0.72098E+01
    0.17677E+01    0.70162E+01
    0.18034E+01    0.68284E+01
    0.18398E+01    0.66463E+01
    0.18770E+01    0.64698E+01
    0.19149E+01    0.62985E+01
    0.19536E+01    0.61324E+01
    0.19930E+01    0.59711E+01
    0.20333E+01    0.58146E+01
    0.20744E+01    0.56627E+01
    0.21163E+01    0.55150E+01
    0.21590E+01    0.53716E+01
    0.22026E+01    0.52321E+01
    0.22471E+01    0.50965E+01
    0.22925E+01    0.49645E+01
    0.23388E+01    0.48360E+01
    0.23861E+01    0.47110E+01
