    0.10000E-03    0.42799E+02
    0.10202E-03    0.43628E+02
    0.10408E-03    0.44473E+02
    0.10618E-03    0.45335E+02
    0.10833E-03    0.46213E+02
    0.11052E-03    0.47109E+02
    0.11275E-03    0.48021E+02
    0.11503E-03    0.48952E+02
    0.11735E-03    0.49900E+02
    0.11972E-03    0.50867E+02
    0.12214E-03    0.51852E+02
    0.12461E-03    0.52857E+02
    0.12712E-03    0.53881E+02
    0.12969E-03    0.54925E+02
    0.13231E-03    0.55988E+02
    0.13499E-03    0.57073E+02
    0.13771E-03    0.58178E+02
    0.14049E-03    0.59305E+02
    0.14333E-03    0.60454E+02
    0.14623E-03    0.61625E+02
    0.14918E-03    0.62818E+02
    0.15220E-03    0.64035E+02
    0.15527E-03    0.65275E+02
    0.15841E-03    0.66539E+02
    0.16161E-03    0.67827E+02
    0.16487E-03    0.69140E+02
    0.16820E-03    0.70479E+02
    0.17160E-03    0.71844E+02
    0.17507E-03    0.73234E+02
    0.17860E-03    0.74652E+02
    0.18221E-03    0.76097E+02
    0.18589E-03    0.77570E+02
    0.18965E-03    0.79071E+02
    0.19348E-03    0.80602E+02
    0.19739E-03    0.82162E+02
    0.20138E-03    0.83752E+02
    0.20544E-03    0.85372E+02
    0.20959E-03    0.87024E+02
    0.21383E-03    0.88708E+02
    0.21815E-03    0.90424E+02
    0.22255E-03    0.92173E+02
    0.22705E-03    0.93956E+02
    0.23164E-03    0.95773E+02
    0.23632E-03    0.97625E+02
    0.24109E-03    0.99512E+02
    0.24596E-03    0.10144E+03
    0.25093E-03    0.10340E+03
    0.25600E-03    0.10540E+03
    0.26117E-03    0.10743E+03
    0.26645E-03    0.10951E+03
    0.27183E-03    0.11163E+03
    0.27732E-03    0.11378E+03
    0.28292E-03    0.11598E+03
    0.28864E-03    0.11822E+03
    0.29447E-03    0.12050E+03
    0.30042E-03    0.12283E+03
    0.30649E-03    0.12520E+03
    0.31268E-03    0.12762E+03
    0.31899E-03    0.13008E+03
    0.32544E-03    0.13259E+03
    0.33201E-03    0.13515E+03
    0.33872E-03    0.13776E+03
    0.34556E-03    0.14041E+03
    0.35254E-03    0.14312E+03
    0.35966E-03    0.14588E+03
    0.36693E-03    0.14869E+03
    0.37434E-03    0.15156E+03
    0.38190E-03    0.15448E+03
    0.38962E-03    0.15745E+03
    0.39749E-03    0.16048E+03
    0.40552E-03    0.16357E+03
    0.41371E-03    0.16672E+03
    0.42207E-03    0.16993E+03
    0.43060E-03    0.17320E+03
    0.43929E-03    0.17653E+03
    0.44817E-03    0.17992E+03
    0.45722E-03    0.18338E+03
    0.46646E-03    0.18690E+03
    0.47588E-03    0.19049E+03
    0.48550E-03    0.19414E+03
    0.49530E-03    0.19787E+03
    0.50531E-03    0.20166E+03
    0.51552E-03    0.20553E+03
    0.52593E-03    0.20947E+03
    0.53656E-03    0.21348E+03
    0.54739E-03    0.21757E+03
    0.55845E-03    0.22173E+03
    0.56973E-03    0.22597E+03
    0.58124E-03    0.23029E+03
    0.59299E-03    0.23469E+03
    0.60496E-03    0.23917E+03
    0.61719E-03    0.24373E+03
    0.62965E-03    0.24838E+03
    0.64237E-03    0.25312E+03
    0.65535E-03    0.25794E+03
    0.66859E-03    0.26285E+03
    0.68210E-03    0.26785E+03
    0.69588E-03    0.27294E+03
    0.70993E-03    0.27812E+03
    0.72427E-03    0.28340E+03
    0.73891E-03    0.28878E+03
    0.75383E-03    0.29425E+03
    0.76906E-03    0.29982E+03
    0.78460E-03    0.30549E+03
    0.80045E-03    0.31127E+03
    0.81662E-03    0.31715E+03
    0.83311E-03    0.32313E+03
    0.84994E-03    0.32922E+03
    0.86711E-03    0.33542E+03
    0.88463E-03    0.34173E+03
    0.90250E-03    0.34815E+03
    0.92073E-03    0.35468E+03
    0.93933E-03    0.36133E+03
    0.95831E-03    0.36809E+03
    0.97767E-03    0.37498E+03
    0.99742E-03    0.38198E+03
    0.10176E-02    0.38911E+03
    0.10381E-02    0.39636E+03
    0.10591E-02    0.40373E+03
    0.10805E-02    0.41123E+03
    0.11023E-02    0.41886E+03
    0.11246E-02    0.42662E+03
    0.11473E-02    0.43451E+03
    0.11705E-02    0.44253E+03
    0.11941E-02    0.45069E+03
    0.12182E-02    0.45899E+03
    0.12429E-02    0.46742E+03
    0.12680E-02    0.47600E+03
    0.12936E-02    0.48471E+03
    0.13197E-02    0.49357E+03
    0.13464E-02    0.50258E+03
    0.13736E-02    0.51173E+03
    0.14013E-02    0.52103E+03
    0.14296E-02    0.53048E+03
    0.14585E-02    0.54008E+03
    0.14880E-02    0.54984E+03
    0.15180E-02    0.55975E+03
    0.15487E-02    0.56981E+03
    0.15800E-02    0.58004E+03
    0.16119E-02    0.59042E+03
    0.16445E-02    0.60096E+03
    0.16777E-02    0.61167E+03
    0.17116E-02    0.62254E+03
    0.17462E-02    0.63358E+03
    0.17814E-02    0.64478E+03
    0.18174E-02    0.65615E+03
    0.18541E-02    0.66768E+03
    0.18916E-02    0.67939E+03
    0.19298E-02    0.69127E+03
    0.19688E-02    0.70332E+03
    0.20086E-02    0.71555E+03
    0.20491E-02    0.72795E+03
    0.20905E-02    0.74052E+03
    0.21328E-02    0.75327E+03
    0.21758E-02    0.76619E+03
    0.22198E-02    0.77930E+03
    0.22646E-02    0.79258E+03
    0.23104E-02    0.80603E+03
    0.23571E-02    0.81967E+03
    0.24047E-02    0.83348E+03
    0.24533E-02    0.84748E+03
    0.25028E-02    0.86165E+03
    0.25534E-02    0.87600E+03
    0.26050E-02    0.89053E+03
    0.26576E-02    0.90524E+03
    0.27113E-02    0.92012E+03
    0.27660E-02    0.93519E+03
    0.28219E-02    0.95043E+03
    0.28789E-02    0.96584E+03
    0.29371E-02    0.98143E+03
    0.29964E-02    0.99719E+03
    0.30569E-02    0.10131E+04
    0.31187E-02    0.10292E+04
    0.31817E-02    0.10455E+04
    0.32460E-02    0.10620E+04
    0.33115E-02    0.10786E+04
    0.33784E-02    0.10953E+04
    0.34467E-02    0.11123E+04
    0.35163E-02    0.11294E+04
    0.35874E-02    0.11466E+04
    0.36598E-02    0.11640E+04
    0.37338E-02    0.11816E+04
    0.38092E-02    0.11993E+04
    0.38861E-02    0.12171E+04
    0.39646E-02    0.12351E+04
    0.40447E-02    0.12532E+04
    0.41264E-02    0.12714E+04
    0.42098E-02    0.12898E+04
    0.42948E-02    0.13083E+04
    0.43816E-02    0.13269E+04
    0.44701E-02    0.13456E+04
    0.45604E-02    0.13644E+04
    0.46525E-02    0.13833E+04
    0.47465E-02    0.14023E+04
    0.48424E-02    0.14213E+04
    0.49402E-02    0.14405E+04
    0.50400E-02    0.14596E+04
    0.51419E-02    0.14789E+04
    0.52457E-02    0.14982E+04
    0.53517E-02    0.15176E+04
    0.54598E-02    0.15371E+04
    0.55701E-02    0.15566E+04
    0.56826E-02    0.15761E+04
    0.57974E-02    0.15956E+04
    0.59145E-02    0.16151E+04
    0.60340E-02    0.16346E+04
    0.61559E-02    0.16540E+04
    0.62803E-02    0.16735E+04
    0.64072E-02    0.16929E+04
    0.65366E-02    0.17122E+04
    0.66686E-02    0.17315E+04
    0.68033E-02    0.17507E+04
    0.69408E-02    0.17697E+04
    0.70810E-02    0.17887E+04
    0.72240E-02    0.18076E+04
    0.73700E-02    0.18263E+04
    0.75189E-02    0.18449E+04
    0.76708E-02    0.18633E+04
    0.78257E-02    0.18815E+04
    0.79838E-02    0.18995E+04
    0.81451E-02    0.19173E+04
    0.83096E-02    0.19349E+04
    0.84775E-02    0.19522E+04
    0.86488E-02    0.19692E+04
    0.88235E-02    0.19860E+04
    0.90017E-02    0.20024E+04
    0.91836E-02    0.20185E+04
    0.93691E-02    0.20343E+04
    0.95583E-02    0.20497E+04
    0.97514E-02    0.20647E+04
    0.99484E-02    0.20792E+04
    0.10149E-01    0.20934E+04
    0.10354E-01    0.21071E+04
    0.10564E-01    0.21203E+04
    0.10777E-01    0.21330E+04
    0.10995E-01    0.21452E+04
    0.11217E-01    0.21569E+04
    0.11443E-01    0.21679E+04
    0.11675E-01    0.21784E+04
    0.11910E-01    0.21882E+04
    0.12151E-01    0.21974E+04
    0.12397E-01    0.22060E+04
    0.12647E-01    0.22139E+04
    0.12902E-01    0.22211E+04
    0.13163E-01    0.22275E+04
    0.13429E-01    0.22331E+04
    0.13700E-01    0.22378E+04
    0.13977E-01    0.22415E+04
    0.14259E-01    0.22443E+04
    0.14547E-01    0.22464E+04
    0.14841E-01    0.22479E+04
    0.15141E-01    0.22489E+04
    0.15447E-01    0.22495E+04
    0.15759E-01    0.22495E+04
    0.16077E-01    0.22488E+04
    0.16402E-01    0.22471E+04
    0.16734E-01    0.22440E+04
    0.17072E-01    0.22394E+04
    0.17416E-01    0.22334E+04
    0.17768E-01    0.22260E+04
    0.18127E-01    0.22175E+04
    0.18493E-01    0.22080E+04
    0.18867E-01    0.21976E+04
    0.19248E-01    0.21863E+04
    0.19637E-01    0.21739E+04
    0.20034E-01    0.21602E+04
    0.20438E-01    0.21450E+04
    0.20851E-01    0.21284E+04
    0.21272E-01    0.21103E+04
    0.21702E-01    0.20910E+04
    0.22141E-01    0.20707E+04
    0.22588E-01    0.20496E+04
    0.23044E-01    0.20277E+04
    0.23510E-01    0.20053E+04
    0.23985E-01    0.19821E+04
    0.24469E-01    0.19583E+04
    0.24964E-01    0.19339E+04
    0.25468E-01    0.19087E+04
    0.25982E-01    0.18829E+04
    0.26507E-01    0.18563E+04
    0.27043E-01    0.18290E+04
    0.27589E-01    0.18010E+04
    0.28146E-01    0.17722E+04
    0.28715E-01    0.17427E+04
    0.29295E-01    0.17127E+04
    0.29887E-01    0.16822E+04
    0.30490E-01    0.16514E+04
    0.31106E-01    0.16203E+04
    0.31735E-01    0.15890E+04
    0.32376E-01    0.15577E+04
    0.33030E-01    0.15266E+04
    0.33697E-01    0.14956E+04
    0.34378E-01    0.14650E+04
    0.35072E-01    0.14347E+04
    0.35781E-01    0.14049E+04
    0.36504E-01    0.13755E+04
    0.37241E-01    0.13468E+04
    0.37993E-01    0.13186E+04
    0.38761E-01    0.12911E+04
    0.39544E-01    0.12643E+04
    0.40343E-01    0.12383E+04
    0.41158E-01    0.12130E+04
    0.41989E-01    0.11886E+04
    0.42838E-01    0.11650E+04
    0.43703E-01    0.11425E+04
    0.44586E-01    0.11211E+04
    0.45486E-01    0.11008E+04
    0.46405E-01    0.10816E+04
    0.47343E-01    0.10634E+04
    0.48299E-01    0.10462E+04
    0.49275E-01    0.10298E+04
    0.50270E-01    0.10142E+04
    0.51286E-01    0.99934E+03
    0.52322E-01    0.98511E+03
    0.53379E-01    0.97145E+03
    0.54457E-01    0.95829E+03
    0.55557E-01    0.94548E+03
    0.56680E-01    0.93288E+03
    0.57825E-01    0.92035E+03
    0.58993E-01    0.90776E+03
    0.60184E-01    0.89501E+03
    0.61400E-01    0.88198E+03
    0.62641E-01    0.86855E+03
    0.63906E-01    0.85453E+03
    0.65197E-01    0.83971E+03
    0.66514E-01    0.82395E+03
    0.67858E-01    0.80734E+03
    0.69229E-01    0.79014E+03
    0.70627E-01    0.77252E+03
    0.72054E-01    0.75423E+03
    0.73510E-01    0.73481E+03
    0.74994E-01    0.71395E+03
    0.76509E-01    0.69193E+03
    0.78055E-01    0.66922E+03
    0.79632E-01    0.64619E+03
    0.81241E-01    0.62300E+03
    0.82882E-01    0.59979E+03
    0.84556E-01    0.57676E+03
    0.86264E-01    0.55419E+03
    0.88007E-01    0.53232E+03
    0.89785E-01    0.51140E+03
    0.91598E-01    0.49162E+03
    0.93449E-01    0.47317E+03
    0.95337E-01    0.45620E+03
    0.97263E-01    0.44083E+03
    0.99227E-01    0.42708E+03
    0.10123E+00    0.41492E+03
    0.10328E+00    0.40430E+03
    0.10536E+00    0.39505E+03
    0.10749E+00    0.38697E+03
    0.10966E+00    0.37983E+03
    0.11188E+00    0.37335E+03
    0.11414E+00    0.36724E+03
    0.11644E+00    0.36118E+03
    0.11880E+00    0.35487E+03
    0.12120E+00    0.34802E+03
    0.12365E+00    0.34039E+03
    0.12614E+00    0.33182E+03
    0.12869E+00    0.32224E+03
    0.13129E+00    0.31169E+03
    0.13394E+00    0.30028E+03
    0.13665E+00    0.28822E+03
    0.13941E+00    0.27575E+03
    0.14223E+00    0.26316E+03
    0.14510E+00    0.25079E+03
    0.14803E+00    0.23899E+03
    0.15102E+00    0.22807E+03
    0.15407E+00    0.21831E+03
    0.15718E+00    0.20986E+03
    0.16036E+00    0.20271E+03
    0.16360E+00    0.19674E+03
    0.16690E+00    0.19174E+03
    0.17028E+00    0.18744E+03
    0.17371E+00    0.18356E+03
    0.17722E+00    0.17979E+03
    0.18080E+00    0.17579E+03
    0.18446E+00    0.17129E+03
    0.18818E+00    0.16610E+03
    0.19198E+00    0.16017E+03
    0.19586E+00    0.15367E+03
    0.19982E+00    0.14684E+03
    0.20386E+00    0.13995E+03
    0.20797E+00    0.13329E+03
    0.21218E+00    0.12713E+03
    0.21646E+00    0.12168E+03
    0.22083E+00    0.11702E+03
    0.22530E+00    0.11313E+03
    0.22985E+00    0.10984E+03
    0.23449E+00    0.10693E+03
    0.23923E+00    0.10412E+03
    0.24406E+00    0.10117E+03
    0.24899E+00    0.97896E+02
    0.25402E+00    0.94266E+02
    0.25915E+00    0.90358E+02
    0.26439E+00    0.86342E+02
    0.26973E+00    0.82421E+02
    0.27518E+00    0.78782E+02
    0.28074E+00    0.75552E+02
    0.28641E+00    0.72762E+02
    0.29219E+00    0.70332E+02
    0.29810E+00    0.68107E+02
    0.30412E+00    0.65924E+02
    0.31026E+00    0.63657E+02
    0.31653E+00    0.61248E+02
    0.32292E+00    0.58729E+02
    0.32945E+00    0.56209E+02
    0.33610E+00    0.53812E+02
    0.34289E+00    0.51615E+02
    0.34982E+00    0.49639E+02
    0.35689E+00    0.47851E+02
    0.36409E+00    0.46163E+02
    0.37145E+00    0.44485E+02
    0.37895E+00    0.42779E+02
    0.38661E+00    0.41051E+02
    0.39442E+00    0.39352E+02
    0.40239E+00    0.37740E+02
    0.41052E+00    0.36245E+02
    0.41881E+00    0.34861E+02
    0.42727E+00    0.33551E+02
    0.43590E+00    0.32272E+02
    0.44471E+00    0.31005E+02
    0.45369E+00    0.29756E+02
    0.46286E+00    0.28552E+02
    0.47221E+00    0.27413E+02
    0.48174E+00    0.26339E+02
    0.49148E+00    0.25319E+02
    0.50141E+00    0.24329E+02
    0.51153E+00    0.23365E+02
    0.52187E+00    0.22430E+02
    0.53241E+00    0.21534E+02
    0.54317E+00    0.20682E+02
    0.55414E+00    0.19867E+02
    0.56533E+00    0.19082E+02
    0.57675E+00    0.18326E+02
    0.58840E+00    0.17600E+02
    0.60029E+00    0.16902E+02
    0.61242E+00    0.16233E+02
    0.62479E+00    0.15590E+02
    0.63741E+00    0.14974E+02
    0.65029E+00    0.14382E+02
    0.66342E+00    0.13814E+02
    0.67683E+00    0.13269E+02
    0.69050E+00    0.12746E+02
    0.70445E+00    0.12244E+02
    0.71868E+00    0.11763E+02
    0.73320E+00    0.11300E+02
    0.74801E+00    0.10857E+02
    0.76312E+00    0.10431E+02
    0.77854E+00    0.10023E+02
    0.79426E+00    0.96312E+01
    0.81031E+00    0.92554E+01
    0.82668E+00    0.88950E+01
    0.84338E+00    0.85492E+01
    0.86041E+00    0.82175E+01
    0.87780E+00    0.78994E+01
    0.89553E+00    0.75943E+01
    0.91362E+00    0.73017E+01
    0.93208E+00    0.70211E+01
    0.95091E+00    0.67520E+01
    0.97011E+00    0.64939E+01
    0.98971E+00    0.62463E+01
    0.10097E+01    0.60090E+01
    0.10301E+01    0.57813E+01
    0.10509E+01    0.55629E+01
    0.10721E+01    0.53535E+01
    0.10938E+01    0.51526E+01
    0.11159E+01    0.49599E+01
    0.11384E+01    0.47751E+01
    0.11614E+01    0.45979E+01
    0.11849E+01    0.44278E+01
    0.12088E+01    0.42647E+01
    0.12333E+01    0.41083E+01
    0.12582E+01    0.39582E+01
    0.12836E+01    0.38142E+01
    0.13095E+01    0.36761E+01
    0.13360E+01    0.35436E+01
    0.13630E+01    0.34164E+01
    0.13905E+01    0.32944E+01
    0.14186E+01    0.31773E+01
    0.14472E+01    0.30649E+01
    0.14765E+01    0.29569E+01
    0.15063E+01    0.28533E+01
    0.15367E+01    0.27538E+01
    0.15678E+01    0.26583E+01
    0.15994E+01    0.25665E+01
    0.16318E+01    0.24783E+01
    0.16647E+01    0.23936E+01
    0.16984E+01    0.23122E+01
    0.17327E+01    0.22340E+01
    0.17677E+01    0.21589E+01
    0.18034E+01    0.20868E+01
    0.18398E+01    0.20175E+01
    0.18770E+01    0.19510E+01
    0.19149E+01    0.18870E+01
    0.19536E+01    0.18257E+01
    0.19930E+01    0.17667E+01
    0.20333E+01    0.17101E+01
    0.20744E+01    0.16556E+01
    0.21163E+01    0.16031E+01
    0.21590E+01    0.15526E+01
    0.22026E+01    0.15039E+01
    0.22471E+01    0.14569E+01
    0.22925E+01    0.14114E+01
    0.23388E+01    0.13675E+01
    0.23861E+01    0.13250E+01
