    0.10000E-03    0.46943E+03
    0.10202E-03    0.47853E+03
    0.10408E-03    0.48780E+03
    0.10618E-03    0.49725E+03
    0.10833E-03    0.50688E+03
    0.11052E-03    0.51670E+03
    0.11275E-03    0.52671E+03
    0.11503E-03    0.53691E+03
    0.11735E-03    0.54731E+03
    0.11972E-03    0.55791E+03
    0.12214E-03    0.56872E+03
    0.12461E-03    0.57973E+03
    0.12712E-03    0.59096E+03
    0.12969E-03    0.60240E+03
    0.13231E-03    0.61407E+03
    0.13499E-03    0.62596E+03
    0.13771E-03    0.63808E+03
    0.14049E-03    0.65044E+03
    0.14333E-03    0.66303E+03
    0.14623E-03    0.67587E+03
    0.14918E-03    0.68895E+03
    0.15220E-03    0.70229E+03
    0.15527E-03    0.71589E+03
    0.15841E-03    0.72974E+03
    0.16161E-03    0.74387E+03
    0.16487E-03    0.75827E+03
    0.16820E-03    0.77294E+03
    0.17160E-03    0.78790E+03
    0.17507E-03    0.80315E+03
    0.17860E-03    0.81869E+03
    0.18221E-03    0.83453E+03
    0.18589E-03    0.85067E+03
    0.18965E-03    0.86713E+03
    0.19348E-03    0.88390E+03
    0.19739E-03    0.90100E+03
    0.20138E-03    0.91842E+03
    0.20544E-03    0.93618E+03
    0.20959E-03    0.95429E+03
    0.21383E-03    0.97274E+03
    0.21815E-03    0.99154E+03
    0.22255E-03    0.10107E+04
    0.22705E-03    0.10302E+04
    0.23164E-03    0.10502E+04
    0.23632E-03    0.10704E+04
    0.24109E-03    0.10911E+04
    0.24596E-03    0.11122E+04
    0.25093E-03    0.11337E+04
    0.25600E-03    0.11556E+04
    0.26117E-03    0.11779E+04
    0.26645E-03    0.12006E+04
    0.27183E-03    0.12238E+04
    0.27732E-03    0.12474E+04
    0.28292E-03    0.12715E+04
    0.28864E-03    0.12960E+04
    0.29447E-03    0.13210E+04
    0.30042E-03    0.13465E+04
    0.30649E-03    0.13725E+04
    0.31268E-03    0.13990E+04
    0.31899E-03    0.14259E+04
    0.32544E-03    0.14534E+04
    0.33201E-03    0.14814E+04
    0.33872E-03    0.15099E+04
    0.34556E-03    0.15390E+04
    0.35254E-03    0.15686E+04
    0.35966E-03    0.15988E+04
    0.36693E-03    0.16296E+04
    0.37434E-03    0.16609E+04
    0.38190E-03    0.16929E+04
    0.38962E-03    0.17254E+04
    0.39749E-03    0.17586E+04
    0.40552E-03    0.17924E+04
    0.41371E-03    0.18268E+04
    0.42207E-03    0.18619E+04
    0.43060E-03    0.18976E+04
    0.43929E-03    0.19340E+04
    0.44817E-03    0.19711E+04
    0.45722E-03    0.20089E+04
    0.46646E-03    0.20474E+04
    0.47588E-03    0.20866E+04
    0.48550E-03    0.21266E+04
    0.49530E-03    0.21673E+04
    0.50531E-03    0.22087E+04
    0.51552E-03    0.22510E+04
    0.52593E-03    0.22940E+04
    0.53656E-03    0.23378E+04
    0.54739E-03    0.23824E+04
    0.55845E-03    0.24279E+04
    0.56973E-03    0.24742E+04
    0.58124E-03    0.25213E+04
    0.59299E-03    0.25694E+04
    0.60496E-03    0.26183E+04
    0.61719E-03    0.26681E+04
    0.62965E-03    0.27188E+04
    0.64237E-03    0.27705E+04
    0.65535E-03    0.28231E+04
    0.66859E-03    0.28766E+04
    0.68210E-03    0.29311E+04
    0.69588E-03    0.29867E+04
    0.70993E-03    0.30432E+04
    0.72427E-03    0.31008E+04
    0.73891E-03    0.31594E+04
    0.75383E-03    0.32190E+04
    0.76906E-03    0.32798E+04
    0.78460E-03    0.33416E+04
    0.80045E-03    0.34045E+04
    0.81662E-03    0.34686E+04
    0.83311E-03    0.35338E+04
    0.84994E-03    0.36002E+04
    0.86711E-03    0.36677E+04
    0.88463E-03    0.37365E+04
    0.90250E-03    0.38064E+04
    0.92073E-03    0.38776E+04
    0.93933E-03    0.39501E+04
    0.95831E-03    0.40238E+04
    0.97767E-03    0.40988E+04
    0.99742E-03    0.41751E+04
    0.10176E-02    0.42527E+04
    0.10381E-02    0.43317E+04
    0.10591E-02    0.44120E+04
    0.10805E-02    0.44937E+04
    0.11023E-02    0.45768E+04
    0.11246E-02    0.46613E+04
    0.11473E-02    0.47473E+04
    0.11705E-02    0.48347E+04
    0.11941E-02    0.49236E+04
    0.12182E-02    0.50140E+04
    0.12429E-02    0.51059E+04
    0.12680E-02    0.51993E+04
    0.12936E-02    0.52943E+04
    0.13197E-02    0.53908E+04
    0.13464E-02    0.54889E+04
    0.13736E-02    0.55887E+04
    0.14013E-02    0.56900E+04
    0.14296E-02    0.57930E+04
    0.14585E-02    0.58977E+04
    0.14880E-02    0.60040E+04
    0.15180E-02    0.61120E+04
    0.15487E-02    0.62217E+04
    0.15800E-02    0.63331E+04
    0.16119E-02    0.64463E+04
    0.16445E-02    0.65613E+04
    0.16777E-02    0.66780E+04
    0.17116E-02    0.67965E+04
    0.17462E-02    0.69168E+04
    0.17814E-02    0.70389E+04
    0.18174E-02    0.71629E+04
    0.18541E-02    0.72886E+04
    0.18916E-02    0.74163E+04
    0.19298E-02    0.75458E+04
    0.19688E-02    0.76772E+04
    0.20086E-02    0.78105E+04
    0.20491E-02    0.79457E+04
    0.20905E-02    0.80828E+04
    0.21328E-02    0.82218E+04
    0.21758E-02    0.83627E+04
    0.22198E-02    0.85056E+04
    0.22646E-02    0.86504E+04
    0.23104E-02    0.87971E+04
    0.23571E-02    0.89458E+04
    0.24047E-02    0.90965E+04
    0.24533E-02    0.92491E+04
    0.25028E-02    0.94036E+04
    0.25534E-02    0.95601E+04
    0.26050E-02    0.97185E+04
    0.26576E-02    0.98789E+04
    0.27113E-02    0.10041E+05
    0.27660E-02    0.10206E+05
    0.28219E-02    0.10372E+05
    0.28789E-02    0.10540E+05
    0.29371E-02    0.10710E+05
    0.29964E-02    0.10882E+05
    0.30569E-02    0.11056E+05
    0.31187E-02    0.11231E+05
    0.31817E-02    0.11409E+05
    0.32460E-02    0.11588E+05
    0.33115E-02    0.11769E+05
    0.33784E-02    0.11952E+05
    0.34467E-02    0.12137E+05
    0.35163E-02    0.12323E+05
    0.35874E-02    0.12512E+05
    0.36598E-02    0.12701E+05
    0.37338E-02    0.12893E+05
    0.38092E-02    0.13085E+05
    0.38861E-02    0.13280E+05
    0.39646E-02    0.13475E+05
    0.40447E-02    0.13673E+05
    0.41264E-02    0.13872E+05
    0.42098E-02    0.14073E+05
    0.42948E-02    0.14277E+05
    0.43816E-02    0.14481E+05
    0.44701E-02    0.14686E+05
    0.45604E-02    0.14890E+05
    0.46525E-02    0.15092E+05
    0.47465E-02    0.15291E+05
    0.48424E-02    0.15490E+05
    0.49402E-02    0.15688E+05
    0.50400E-02    0.15888E+05
    0.51419E-02    0.16091E+05
    0.52457E-02    0.16298E+05
    0.53517E-02    0.16508E+05
    0.54598E-02    0.16720E+05
    0.55701E-02    0.16932E+05
    0.56826E-02    0.17145E+05
    0.57974E-02    0.17357E+05
    0.59145E-02    0.17568E+05
    0.60340E-02    0.17778E+05
    0.61559E-02    0.17988E+05
    0.62803E-02    0.18198E+05
    0.64072E-02    0.18408E+05
    0.65366E-02    0.18617E+05
    0.66686E-02    0.18825E+05
    0.68033E-02    0.19032E+05
    0.69408E-02    0.19239E+05
    0.70810E-02    0.19444E+05
    0.72240E-02    0.19647E+05
    0.73700E-02    0.19849E+05
    0.75189E-02    0.20049E+05
    0.76708E-02    0.20248E+05
    0.78257E-02    0.20444E+05
    0.79838E-02    0.20638E+05
    0.81451E-02    0.20830E+05
    0.83096E-02    0.21019E+05
    0.84775E-02    0.21205E+05
    0.86488E-02    0.21388E+05
    0.88235E-02    0.21568E+05
    0.90017E-02    0.21745E+05
    0.91836E-02    0.21917E+05
    0.93691E-02    0.22086E+05
    0.95583E-02    0.22251E+05
    0.97514E-02    0.22412E+05
    0.99484E-02    0.22568E+05
    0.10149E-01    0.22719E+05
    0.10354E-01    0.22866E+05
    0.10564E-01    0.23007E+05
    0.10777E-01    0.23142E+05
    0.10995E-01    0.23272E+05
    0.11217E-01    0.23395E+05
    0.11443E-01    0.23513E+05
    0.11675E-01    0.23623E+05
    0.11910E-01    0.23727E+05
    0.12151E-01    0.23824E+05
    0.12397E-01    0.23914E+05
    0.12647E-01    0.23996E+05
    0.12902E-01    0.24071E+05
    0.13163E-01    0.24138E+05
    0.13429E-01    0.24195E+05
    0.13700E-01    0.24243E+05
    0.13977E-01    0.24280E+05
    0.14259E-01    0.24307E+05
    0.14547E-01    0.24326E+05
    0.14841E-01    0.24339E+05
    0.15141E-01    0.24346E+05
    0.15447E-01    0.24349E+05
    0.15759E-01    0.24346E+05
    0.16077E-01    0.24335E+05
    0.16402E-01    0.24312E+05
    0.16734E-01    0.24275E+05
    0.17072E-01    0.24221E+05
    0.17416E-01    0.24152E+05
    0.17768E-01    0.24068E+05
    0.18127E-01    0.23972E+05
    0.18493E-01    0.23865E+05
    0.18867E-01    0.23749E+05
    0.19248E-01    0.23623E+05
    0.19637E-01    0.23484E+05
    0.20034E-01    0.23332E+05
    0.20438E-01    0.23165E+05
    0.20851E-01    0.22980E+05
    0.21272E-01    0.22781E+05
    0.21702E-01    0.22569E+05
    0.22141E-01    0.22346E+05
    0.22588E-01    0.22114E+05
    0.23044E-01    0.21874E+05
    0.23510E-01    0.21628E+05
    0.23985E-01    0.21375E+05
    0.24469E-01    0.21114E+05
    0.24964E-01    0.20847E+05
    0.25468E-01    0.20572E+05
    0.25982E-01    0.20290E+05
    0.26507E-01    0.20000E+05
    0.27043E-01    0.19703E+05
    0.27589E-01    0.19397E+05
    0.28146E-01    0.19084E+05
    0.28715E-01    0.18764E+05
    0.29295E-01    0.18438E+05
    0.29887E-01    0.18107E+05
    0.30490E-01    0.17773E+05
    0.31106E-01    0.17435E+05
    0.31735E-01    0.17097E+05
    0.32376E-01    0.16759E+05
    0.33030E-01    0.16422E+05
    0.33697E-01    0.16087E+05
    0.34378E-01    0.15756E+05
    0.35072E-01    0.15430E+05
    0.35781E-01    0.15108E+05
    0.36504E-01    0.14792E+05
    0.37241E-01    0.14482E+05
    0.37993E-01    0.14179E+05
    0.38761E-01    0.13883E+05
    0.39544E-01    0.13594E+05
    0.40343E-01    0.13314E+05
    0.41158E-01    0.13043E+05
    0.41989E-01    0.12780E+05
    0.42838E-01    0.12528E+05
    0.43703E-01    0.12286E+05
    0.44586E-01    0.12056E+05
    0.45486E-01    0.11838E+05
    0.46405E-01    0.11633E+05
    0.47343E-01    0.11438E+05
    0.48299E-01    0.11253E+05
    0.49275E-01    0.11078E+05
    0.50270E-01    0.10911E+05
    0.51286E-01    0.10752E+05
    0.52322E-01    0.10599E+05
    0.53379E-01    0.10453E+05
    0.54457E-01    0.10312E+05
    0.55557E-01    0.10175E+05
    0.56680E-01    0.10040E+05
    0.57825E-01    0.99059E+04
    0.58993E-01    0.97715E+04
    0.60184E-01    0.96354E+04
    0.61400E-01    0.94966E+04
    0.62641E-01    0.93538E+04
    0.63906E-01    0.92049E+04
    0.65197E-01    0.90479E+04
    0.66514E-01    0.88811E+04
    0.67858E-01    0.87059E+04
    0.69229E-01    0.85246E+04
    0.70627E-01    0.83392E+04
    0.72054E-01    0.81471E+04
    0.73510E-01    0.79435E+04
    0.74994E-01    0.77252E+04
    0.76509E-01    0.74953E+04
    0.78055E-01    0.72586E+04
    0.79632E-01    0.70189E+04
    0.81241E-01    0.67779E+04
    0.82882E-01    0.65370E+04
    0.84556E-01    0.62984E+04
    0.86264E-01    0.60648E+04
    0.88007E-01    0.58388E+04
    0.89785E-01    0.56227E+04
    0.91598E-01    0.54189E+04
    0.93449E-01    0.52289E+04
    0.95337E-01    0.50543E+04
    0.97263E-01    0.48962E+04
    0.99227E-01    0.47550E+04
    0.10123E+00    0.46302E+04
    0.10328E+00    0.45211E+04
    0.10536E+00    0.44260E+04
    0.10749E+00    0.43430E+04
    0.10966E+00    0.42695E+04
    0.11188E+00    0.42028E+04
    0.11414E+00    0.41398E+04
    0.11644E+00    0.40774E+04
    0.11880E+00    0.40125E+04
    0.12120E+00    0.39421E+04
    0.12365E+00    0.38639E+04
    0.12614E+00    0.37762E+04
    0.12869E+00    0.36785E+04
    0.13129E+00    0.35710E+04
    0.13394E+00    0.34550E+04
    0.13665E+00    0.33326E+04
    0.13941E+00    0.32062E+04
    0.14223E+00    0.30789E+04
    0.14510E+00    0.29539E+04
    0.14803E+00    0.28348E+04
    0.15102E+00    0.27246E+04
    0.15407E+00    0.26262E+04
    0.15718E+00    0.25408E+04
    0.16036E+00    0.24685E+04
    0.16360E+00    0.24079E+04
    0.16690E+00    0.23568E+04
    0.17028E+00    0.23127E+04
    0.17371E+00    0.22727E+04
    0.17722E+00    0.22337E+04
    0.18080E+00    0.21926E+04
    0.18446E+00    0.21464E+04
    0.18818E+00    0.20934E+04
    0.19198E+00    0.20334E+04
    0.19586E+00    0.19677E+04
    0.19982E+00    0.18988E+04
    0.20386E+00    0.18295E+04
    0.20797E+00    0.17626E+04
    0.21218E+00    0.17006E+04
    0.21646E+00    0.16455E+04
    0.22083E+00    0.15982E+04
    0.22530E+00    0.15582E+04
    0.22985E+00    0.15241E+04
    0.23449E+00    0.14935E+04
    0.23923E+00    0.14639E+04
    0.24406E+00    0.14329E+04
    0.24899E+00    0.13989E+04
    0.25402E+00    0.13614E+04
    0.25915E+00    0.13214E+04
    0.26439E+00    0.12804E+04
    0.26973E+00    0.12404E+04
    0.27518E+00    0.12031E+04
    0.28074E+00    0.11697E+04
    0.28641E+00    0.11404E+04
    0.29219E+00    0.11145E+04
    0.29810E+00    0.10904E+04
    0.30412E+00    0.10667E+04
    0.31026E+00    0.10423E+04
    0.31653E+00    0.10166E+04
    0.32292E+00    0.98990E+03
    0.32945E+00    0.96326E+03
    0.33610E+00    0.93778E+03
    0.34289E+00    0.91413E+03
    0.34982E+00    0.89250E+03
    0.35689E+00    0.87255E+03
    0.36409E+00    0.85349E+03
    0.37145E+00    0.83455E+03
    0.37895E+00    0.81539E+03
    0.38661E+00    0.79607E+03
    0.39442E+00    0.77704E+03
    0.40239E+00    0.75881E+03
    0.41052E+00    0.74160E+03
    0.41881E+00    0.72537E+03
    0.42727E+00    0.70978E+03
    0.43590E+00    0.69449E+03
    0.44471E+00    0.67933E+03
    0.45369E+00    0.66435E+03
    0.46286E+00    0.64978E+03
    0.47221E+00    0.63578E+03
    0.48174E+00    0.62234E+03
    0.49148E+00    0.60935E+03
    0.50141E+00    0.59664E+03
    0.51153E+00    0.58417E+03
    0.52187E+00    0.57197E+03
    0.53241E+00    0.56011E+03
    0.54317E+00    0.54861E+03
    0.55414E+00    0.53744E+03
    0.56533E+00    0.52652E+03
    0.57675E+00    0.51586E+03
    0.58840E+00    0.50546E+03
    0.60029E+00    0.49530E+03
    0.61242E+00    0.48539E+03
    0.62479E+00    0.47570E+03
    0.63741E+00    0.46624E+03
    0.65029E+00    0.45699E+03
    0.66342E+00    0.44794E+03
    0.67683E+00    0.43909E+03
    0.69050E+00    0.43043E+03
    0.70445E+00    0.42195E+03
    0.71868E+00    0.41364E+03
    0.73320E+00    0.40549E+03
    0.74801E+00    0.39751E+03
    0.76312E+00    0.38968E+03
    0.77854E+00    0.38200E+03
    0.79426E+00    0.37446E+03
    0.81031E+00    0.36706E+03
    0.82668E+00    0.35980E+03
    0.84338E+00    0.35266E+03
    0.86041E+00    0.34565E+03
    0.87780E+00    0.33876E+03
    0.89553E+00    0.33198E+03
    0.91362E+00    0.32532E+03
    0.93208E+00    0.31877E+03
    0.95091E+00    0.31232E+03
    0.97011E+00    0.30598E+03
    0.98971E+00    0.29974E+03
    0.10097E+01    0.29359E+03
    0.10301E+01    0.28754E+03
    0.10509E+01    0.28158E+03
    0.10721E+01    0.27572E+03
    0.10938E+01    0.26994E+03
    0.11159E+01    0.26425E+03
    0.11384E+01    0.25864E+03
    0.11614E+01    0.25311E+03
    0.11849E+01    0.24767E+03
    0.12088E+01    0.24230E+03
    0.12333E+01    0.23701E+03
    0.12582E+01    0.23180E+03
    0.12836E+01    0.22666E+03
    0.13095E+01    0.22160E+03
    0.13360E+01    0.21661E+03
    0.13630E+01    0.21169E+03
    0.13905E+01    0.20684E+03
    0.14186E+01    0.20206E+03
    0.14472E+01    0.19736E+03
    0.14765E+01    0.19273E+03
    0.15063E+01    0.18816E+03
    0.15367E+01    0.18367E+03
    0.15678E+01    0.17925E+03
    0.15994E+01    0.17490E+03
    0.16318E+01    0.17062E+03
    0.16647E+01    0.16640E+03
    0.16984E+01    0.16226E+03
    0.17327E+01    0.15818E+03
    0.17677E+01    0.15416E+03
    0.18034E+01    0.15021E+03
    0.18398E+01    0.14631E+03
    0.18770E+01    0.14248E+03
    0.19149E+01    0.13870E+03
    0.19536E+01    0.13499E+03
    0.19930E+01    0.13133E+03
    0.20333E+01    0.12773E+03
    0.20744E+01    0.12419E+03
    0.21163E+01    0.12072E+03
    0.21590E+01    0.11732E+03
    0.22026E+01    0.11400E+03
    0.22471E+01    0.11075E+03
    0.22925E+01    0.10759E+03
    0.23388E+01    0.10450E+03
    0.23861E+01    0.10150E+03
