    0.10000E-03    0.85178E+02
    0.10202E-03    0.86828E+02
    0.10408E-03    0.88511E+02
    0.10618E-03    0.90225E+02
    0.10833E-03    0.91973E+02
    0.11052E-03    0.93755E+02
    0.11275E-03    0.95572E+02
    0.11503E-03    0.97423E+02
    0.11735E-03    0.99311E+02
    0.11972E-03    0.10123E+03
    0.12214E-03    0.10320E+03
    0.12461E-03    0.10519E+03
    0.12712E-03    0.10723E+03
    0.12969E-03    0.10931E+03
    0.13231E-03    0.11143E+03
    0.13499E-03    0.11358E+03
    0.13771E-03    0.11578E+03
    0.14049E-03    0.11803E+03
    0.14333E-03    0.12031E+03
    0.14623E-03    0.12264E+03
    0.14918E-03    0.12502E+03
    0.15220E-03    0.12744E+03
    0.15527E-03    0.12991E+03
    0.15841E-03    0.13242E+03
    0.16161E-03    0.13498E+03
    0.16487E-03    0.13760E+03
    0.16820E-03    0.14026E+03
    0.17160E-03    0.14298E+03
    0.17507E-03    0.14574E+03
    0.17860E-03    0.14857E+03
    0.18221E-03    0.15144E+03
    0.18589E-03    0.15437E+03
    0.18965E-03    0.15736E+03
    0.19348E-03    0.16040E+03
    0.19739E-03    0.16351E+03
    0.20138E-03    0.16667E+03
    0.20544E-03    0.16990E+03
    0.20959E-03    0.17318E+03
    0.21383E-03    0.17653E+03
    0.21815E-03    0.17995E+03
    0.22255E-03    0.18343E+03
    0.22705E-03    0.18697E+03
    0.23164E-03    0.19059E+03
    0.23632E-03    0.19427E+03
    0.24109E-03    0.19803E+03
    0.24596E-03    0.20186E+03
    0.25093E-03    0.20576E+03
    0.25600E-03    0.20974E+03
    0.26117E-03    0.21379E+03
    0.26645E-03    0.21792E+03
    0.27183E-03    0.22213E+03
    0.27732E-03    0.22642E+03
    0.28292E-03    0.23079E+03
    0.28864E-03    0.23525E+03
    0.29447E-03    0.23979E+03
    0.30042E-03    0.24442E+03
    0.30649E-03    0.24914E+03
    0.31268E-03    0.25394E+03
    0.31899E-03    0.25884E+03
    0.32544E-03    0.26383E+03
    0.33201E-03    0.26892E+03
    0.33872E-03    0.27411E+03
    0.34556E-03    0.27939E+03
    0.35254E-03    0.28478E+03
    0.35966E-03    0.29026E+03
    0.36693E-03    0.29585E+03
    0.37434E-03    0.30155E+03
    0.38190E-03    0.30736E+03
    0.38962E-03    0.31327E+03
    0.39749E-03    0.31930E+03
    0.40552E-03    0.32545E+03
    0.41371E-03    0.33171E+03
    0.42207E-03    0.33808E+03
    0.43060E-03    0.34458E+03
    0.43929E-03    0.35120E+03
    0.44817E-03    0.35795E+03
    0.45722E-03    0.36482E+03
    0.46646E-03    0.37182E+03
    0.47588E-03    0.37895E+03
    0.48550E-03    0.38622E+03
    0.49530E-03    0.39363E+03
    0.50531E-03    0.40117E+03
    0.51552E-03    0.40885E+03
    0.52593E-03    0.41668E+03
    0.53656E-03    0.42465E+03
    0.54739E-03    0.43277E+03
    0.55845E-03    0.44105E+03
    0.56973E-03    0.44947E+03
    0.58124E-03    0.45806E+03
    0.59299E-03    0.46680E+03
    0.60496E-03    0.47570E+03
    0.61719E-03    0.48477E+03
    0.62965E-03    0.49400E+03
    0.64237E-03    0.50341E+03
    0.65535E-03    0.51299E+03
    0.66859E-03    0.52274E+03
    0.68210E-03    0.53267E+03
    0.69588E-03    0.54278E+03
    0.70993E-03    0.55308E+03
    0.72427E-03    0.56356E+03
    0.73891E-03    0.57423E+03
    0.75383E-03    0.58510E+03
    0.76906E-03    0.59616E+03
    0.78460E-03    0.60743E+03
    0.80045E-03    0.61889E+03
    0.81662E-03    0.63056E+03
    0.83311E-03    0.64244E+03
    0.84994E-03    0.65453E+03
    0.86711E-03    0.66683E+03
    0.88463E-03    0.67936E+03
    0.90250E-03    0.69210E+03
    0.92073E-03    0.70507E+03
    0.93933E-03    0.71826E+03
    0.95831E-03    0.73169E+03
    0.97767E-03    0.74535E+03
    0.99742E-03    0.75925E+03
    0.10176E-02    0.77339E+03
    0.10381E-02    0.78778E+03
    0.10591E-02    0.80241E+03
    0.10805E-02    0.81729E+03
    0.11023E-02    0.83243E+03
    0.11246E-02    0.84783E+03
    0.11473E-02    0.86349E+03
    0.11705E-02    0.87941E+03
    0.11941E-02    0.89560E+03
    0.12182E-02    0.91206E+03
    0.12429E-02    0.92880E+03
    0.12680E-02    0.94581E+03
    0.12936E-02    0.96311E+03
    0.13197E-02    0.98069E+03
    0.13464E-02    0.99856E+03
    0.13736E-02    0.10167E+04
    0.14013E-02    0.10352E+04
    0.14296E-02    0.10539E+04
    0.14585E-02    0.10730E+04
    0.14880E-02    0.10923E+04
    0.15180E-02    0.11120E+04
    0.15487E-02    0.11320E+04
    0.15800E-02    0.11523E+04
    0.16119E-02    0.11729E+04
    0.16445E-02    0.11938E+04
    0.16777E-02    0.12151E+04
    0.17116E-02    0.12366E+04
    0.17462E-02    0.12585E+04
    0.17814E-02    0.12808E+04
    0.18174E-02    0.13034E+04
    0.18541E-02    0.13263E+04
    0.18916E-02    0.13495E+04
    0.19298E-02    0.13731E+04
    0.19688E-02    0.13970E+04
    0.20086E-02    0.14213E+04
    0.20491E-02    0.14459E+04
    0.20905E-02    0.14708E+04
    0.21328E-02    0.14961E+04
    0.21758E-02    0.15218E+04
    0.22198E-02    0.15478E+04
    0.22646E-02    0.15742E+04
    0.23104E-02    0.16009E+04
    0.23571E-02    0.16280E+04
    0.24047E-02    0.16554E+04
    0.24533E-02    0.16832E+04
    0.25028E-02    0.17113E+04
    0.25534E-02    0.17398E+04
    0.26050E-02    0.17686E+04
    0.26576E-02    0.17978E+04
    0.27113E-02    0.18274E+04
    0.27660E-02    0.18573E+04
    0.28219E-02    0.18875E+04
    0.28789E-02    0.19181E+04
    0.29371E-02    0.19491E+04
    0.29964E-02    0.19804E+04
    0.30569E-02    0.20120E+04
    0.31187E-02    0.20440E+04
    0.31817E-02    0.20763E+04
    0.32460E-02    0.21090E+04
    0.33115E-02    0.21419E+04
    0.33784E-02    0.21752E+04
    0.34467E-02    0.22089E+04
    0.35163E-02    0.22428E+04
    0.35874E-02    0.22770E+04
    0.36598E-02    0.23116E+04
    0.37338E-02    0.23464E+04
    0.38092E-02    0.23816E+04
    0.38861E-02    0.24170E+04
    0.39646E-02    0.24527E+04
    0.40447E-02    0.24886E+04
    0.41264E-02    0.25248E+04
    0.42098E-02    0.25613E+04
    0.42948E-02    0.25981E+04
    0.43816E-02    0.26351E+04
    0.44701E-02    0.26723E+04
    0.45604E-02    0.27096E+04
    0.46525E-02    0.27470E+04
    0.47465E-02    0.27845E+04
    0.48424E-02    0.28222E+04
    0.49402E-02    0.28599E+04
    0.50400E-02    0.28979E+04
    0.51419E-02    0.29360E+04
    0.52457E-02    0.29743E+04
    0.53517E-02    0.30128E+04
    0.54598E-02    0.30514E+04
    0.55701E-02    0.30901E+04
    0.56826E-02    0.31288E+04
    0.57974E-02    0.31675E+04
    0.59145E-02    0.32062E+04
    0.60340E-02    0.32449E+04
    0.61559E-02    0.32835E+04
    0.62803E-02    0.33220E+04
    0.64072E-02    0.33605E+04
    0.65366E-02    0.33988E+04
    0.66686E-02    0.34371E+04
    0.68033E-02    0.34751E+04
    0.69408E-02    0.35130E+04
    0.70810E-02    0.35507E+04
    0.72240E-02    0.35881E+04
    0.73700E-02    0.36252E+04
    0.75189E-02    0.36620E+04
    0.76708E-02    0.36985E+04
    0.78257E-02    0.37347E+04
    0.79838E-02    0.37704E+04
    0.81451E-02    0.38057E+04
    0.83096E-02    0.38405E+04
    0.84775E-02    0.38748E+04
    0.86488E-02    0.39086E+04
    0.88235E-02    0.39418E+04
    0.90017E-02    0.39744E+04
    0.91836E-02    0.40064E+04
    0.93691E-02    0.40376E+04
    0.95583E-02    0.40681E+04
    0.97514E-02    0.40978E+04
    0.99484E-02    0.41267E+04
    0.10149E-01    0.41548E+04
    0.10354E-01    0.41819E+04
    0.10564E-01    0.42081E+04
    0.10777E-01    0.42333E+04
    0.10995E-01    0.42575E+04
    0.11217E-01    0.42805E+04
    0.11443E-01    0.43024E+04
    0.11675E-01    0.43231E+04
    0.11910E-01    0.43426E+04
    0.12151E-01    0.43608E+04
    0.12397E-01    0.43778E+04
    0.12647E-01    0.43934E+04
    0.12902E-01    0.44076E+04
    0.13163E-01    0.44204E+04
    0.13429E-01    0.44314E+04
    0.13700E-01    0.44406E+04
    0.13977E-01    0.44480E+04
    0.14259E-01    0.44535E+04
    0.14547E-01    0.44576E+04
    0.14841E-01    0.44605E+04
    0.15141E-01    0.44624E+04
    0.15447E-01    0.44635E+04
    0.15759E-01    0.44636E+04
    0.16077E-01    0.44622E+04
    0.16402E-01    0.44587E+04
    0.16734E-01    0.44525E+04
    0.17072E-01    0.44434E+04
    0.17416E-01    0.44313E+04
    0.17768E-01    0.44166E+04
    0.18127E-01    0.43997E+04
    0.18493E-01    0.43808E+04
    0.18867E-01    0.43602E+04
    0.19248E-01    0.43377E+04
    0.19637E-01    0.43129E+04
    0.20034E-01    0.42857E+04
    0.20438E-01    0.42556E+04
    0.20851E-01    0.42225E+04
    0.21272E-01    0.41866E+04
    0.21702E-01    0.41483E+04
    0.22141E-01    0.41080E+04
    0.22588E-01    0.40660E+04
    0.23044E-01    0.40227E+04
    0.23510E-01    0.39781E+04
    0.23985E-01    0.39321E+04
    0.24469E-01    0.38849E+04
    0.24964E-01    0.38363E+04
    0.25468E-01    0.37864E+04
    0.25982E-01    0.37352E+04
    0.26507E-01    0.36825E+04
    0.27043E-01    0.36283E+04
    0.27589E-01    0.35727E+04
    0.28146E-01    0.35155E+04
    0.28715E-01    0.34571E+04
    0.29295E-01    0.33976E+04
    0.29887E-01    0.33372E+04
    0.30490E-01    0.32760E+04
    0.31106E-01    0.32143E+04
    0.31735E-01    0.31524E+04
    0.32376E-01    0.30904E+04
    0.33030E-01    0.30286E+04
    0.33697E-01    0.29673E+04
    0.34378E-01    0.29066E+04
    0.35072E-01    0.28466E+04
    0.35781E-01    0.27875E+04
    0.36504E-01    0.27294E+04
    0.37241E-01    0.26724E+04
    0.37993E-01    0.26166E+04
    0.38761E-01    0.25622E+04
    0.39544E-01    0.25091E+04
    0.40343E-01    0.24575E+04
    0.41158E-01    0.24075E+04
    0.41989E-01    0.23592E+04
    0.42838E-01    0.23126E+04
    0.43703E-01    0.22680E+04
    0.44586E-01    0.22256E+04
    0.45486E-01    0.21854E+04
    0.46405E-01    0.21474E+04
    0.47343E-01    0.21115E+04
    0.48299E-01    0.20774E+04
    0.49275E-01    0.20451E+04
    0.50270E-01    0.20143E+04
    0.51286E-01    0.19849E+04
    0.52322E-01    0.19567E+04
    0.53379E-01    0.19297E+04
    0.54457E-01    0.19037E+04
    0.55557E-01    0.18784E+04
    0.56680E-01    0.18535E+04
    0.57825E-01    0.18287E+04
    0.58993E-01    0.18038E+04
    0.60184E-01    0.17786E+04
    0.61400E-01    0.17529E+04
    0.62641E-01    0.17263E+04
    0.63906E-01    0.16986E+04
    0.65197E-01    0.16694E+04
    0.66514E-01    0.16382E+04
    0.67858E-01    0.16054E+04
    0.69229E-01    0.15714E+04
    0.70627E-01    0.15366E+04
    0.72054E-01    0.15005E+04
    0.73510E-01    0.14622E+04
    0.74994E-01    0.14210E+04
    0.76509E-01    0.13776E+04
    0.78055E-01    0.13328E+04
    0.79632E-01    0.12873E+04
    0.81241E-01    0.12416E+04
    0.82882E-01    0.11958E+04
    0.84556E-01    0.11504E+04
    0.86264E-01    0.11059E+04
    0.88007E-01    0.10628E+04
    0.89785E-01    0.10215E+04
    0.91598E-01    0.98257E+03
    0.93449E-01    0.94622E+03
    0.95337E-01    0.91278E+03
    0.97263E-01    0.88248E+03
    0.99227E-01    0.85539E+03
    0.10123E+00    0.83142E+03
    0.10328E+00    0.81048E+03
    0.10536E+00    0.79222E+03
    0.10749E+00    0.77628E+03
    0.10966E+00    0.76218E+03
    0.11188E+00    0.74936E+03
    0.11414E+00    0.73728E+03
    0.11644E+00    0.72529E+03
    0.11880E+00    0.71280E+03
    0.12120E+00    0.69926E+03
    0.12365E+00    0.68417E+03
    0.12614E+00    0.66725E+03
    0.12869E+00    0.64835E+03
    0.13129E+00    0.62754E+03
    0.13394E+00    0.60506E+03
    0.13665E+00    0.58129E+03
    0.13941E+00    0.55673E+03
    0.14223E+00    0.53196E+03
    0.14510E+00    0.50760E+03
    0.14803E+00    0.48436E+03
    0.15102E+00    0.46287E+03
    0.15407E+00    0.44365E+03
    0.15718E+00    0.42697E+03
    0.16036E+00    0.41286E+03
    0.16360E+00    0.40105E+03
    0.16690E+00    0.39114E+03
    0.17028E+00    0.38260E+03
    0.17371E+00    0.37486E+03
    0.17722E+00    0.36734E+03
    0.18080E+00    0.35939E+03
    0.18446E+00    0.35045E+03
    0.18818E+00    0.34015E+03
    0.19198E+00    0.32844E+03
    0.19586E+00    0.31561E+03
    0.19982E+00    0.30212E+03
    0.20386E+00    0.28853E+03
    0.20797E+00    0.27541E+03
    0.21218E+00    0.26326E+03
    0.21646E+00    0.25248E+03
    0.22083E+00    0.24325E+03
    0.22530E+00    0.23552E+03
    0.22985E+00    0.22896E+03
    0.23449E+00    0.22313E+03
    0.23923E+00    0.21751E+03
    0.24406E+00    0.21160E+03
    0.24899E+00    0.20509E+03
    0.25402E+00    0.19787E+03
    0.25915E+00    0.19012E+03
    0.26439E+00    0.18216E+03
    0.26973E+00    0.17439E+03
    0.27518E+00    0.16717E+03
    0.28074E+00    0.16075E+03
    0.28641E+00    0.15518E+03
    0.29219E+00    0.15031E+03
    0.29810E+00    0.14584E+03
    0.30412E+00    0.14145E+03
    0.31026E+00    0.13690E+03
    0.31653E+00    0.13208E+03
    0.32292E+00    0.12704E+03
    0.32945E+00    0.12201E+03
    0.33610E+00    0.11722E+03
    0.34289E+00    0.11282E+03
    0.34982E+00    0.10885E+03
    0.35689E+00    0.10524E+03
    0.36409E+00    0.10182E+03
    0.37145E+00    0.98429E+02
    0.37895E+00    0.94983E+02
    0.38661E+00    0.91498E+02
    0.39442E+00    0.88070E+02
    0.40239E+00    0.84814E+02
    0.41052E+00    0.81783E+02
    0.41881E+00    0.78968E+02
    0.42727E+00    0.76296E+02
    0.43590E+00    0.73686E+02
    0.44471E+00    0.71101E+02
    0.45369E+00    0.68553E+02
    0.46286E+00    0.66093E+02
    0.47221E+00    0.63761E+02
    0.48174E+00    0.61555E+02
    0.49148E+00    0.59452E+02
    0.50141E+00    0.57411E+02
    0.51153E+00    0.55420E+02
    0.52187E+00    0.53485E+02
    0.53241E+00    0.51629E+02
    0.54317E+00    0.49858E+02
    0.55414E+00    0.48158E+02
    0.56533E+00    0.46518E+02
    0.57675E+00    0.44936E+02
    0.58840E+00    0.43411E+02
    0.60029E+00    0.41942E+02
    0.61242E+00    0.40529E+02
    0.62479E+00    0.39169E+02
    0.63741E+00    0.37860E+02
    0.65029E+00    0.36600E+02
    0.66342E+00    0.35387E+02
    0.67683E+00    0.34219E+02
    0.69050E+00    0.33094E+02
    0.70445E+00    0.32011E+02
    0.71868E+00    0.30967E+02
    0.73320E+00    0.29962E+02
    0.74801E+00    0.28994E+02
    0.76312E+00    0.28062E+02
    0.77854E+00    0.27164E+02
    0.79426E+00    0.26298E+02
    0.81031E+00    0.25464E+02
    0.82668E+00    0.24660E+02
    0.84338E+00    0.23886E+02
    0.86041E+00    0.23139E+02
    0.87780E+00    0.22420E+02
    0.89553E+00    0.21726E+02
    0.91362E+00    0.21058E+02
    0.93208E+00    0.20413E+02
    0.95091E+00    0.19792E+02
    0.97011E+00    0.19192E+02
    0.98971E+00    0.18614E+02
    0.10097E+01    0.18056E+02
    0.10301E+01    0.17518E+02
    0.10509E+01    0.16998E+02
    0.10721E+01    0.16497E+02
    0.10938E+01    0.16013E+02
    0.11159E+01    0.15545E+02
    0.11384E+01    0.15094E+02
    0.11614E+01    0.14658E+02
    0.11849E+01    0.14237E+02
    0.12088E+01    0.13830E+02
    0.12333E+01    0.13436E+02
    0.12582E+01    0.13056E+02
    0.12836E+01    0.12688E+02
    0.13095E+01    0.12332E+02
    0.13360E+01    0.11988E+02
    0.13630E+01    0.11656E+02
    0.13905E+01    0.11334E+02
    0.14186E+01    0.11022E+02
    0.14472E+01    0.10720E+02
    0.14765E+01    0.10428E+02
    0.15063E+01    0.10145E+02
    0.15367E+01    0.98706E+01
    0.15678E+01    0.96049E+01
    0.15994E+01    0.93473E+01
    0.16318E+01    0.90976E+01
    0.16647E+01    0.88554E+01
    0.16984E+01    0.86205E+01
    0.17327E+01    0.83926E+01
    0.17677E+01    0.81715E+01
    0.18034E+01    0.79568E+01
    0.18398E+01    0.77485E+01
    0.18770E+01    0.75461E+01
    0.19149E+01    0.73496E+01
    0.19536E+01    0.71586E+01
    0.19930E+01    0.69731E+01
    0.20333E+01    0.67928E+01
    0.20744E+01    0.66175E+01
    0.21163E+01    0.64471E+01
    0.21590E+01    0.62812E+01
    0.22026E+01    0.61199E+01
    0.22471E+01    0.59629E+01
    0.22925E+01    0.58100E+01
    0.23388E+01    0.56611E+01
    0.23861E+01    0.55161E+01
