    0.10000E-03    0.13681E+03
    0.10202E-03    0.13946E+03
    0.10408E-03    0.14216E+03
    0.10618E-03    0.14491E+03
    0.10833E-03    0.14772E+03
    0.11052E-03    0.15058E+03
    0.11275E-03    0.15350E+03
    0.11503E-03    0.15647E+03
    0.11735E-03    0.15951E+03
    0.11972E-03    0.16260E+03
    0.12214E-03    0.16575E+03
    0.12461E-03    0.16896E+03
    0.12712E-03    0.17223E+03
    0.12969E-03    0.17556E+03
    0.13231E-03    0.17896E+03
    0.13499E-03    0.18243E+03
    0.13771E-03    0.18596E+03
    0.14049E-03    0.18957E+03
    0.14333E-03    0.19324E+03
    0.14623E-03    0.19698E+03
    0.14918E-03    0.20079E+03
    0.15220E-03    0.20468E+03
    0.15527E-03    0.20864E+03
    0.15841E-03    0.21268E+03
    0.16161E-03    0.21680E+03
    0.16487E-03    0.22100E+03
    0.16820E-03    0.22528E+03
    0.17160E-03    0.22964E+03
    0.17507E-03    0.23408E+03
    0.17860E-03    0.23861E+03
    0.18221E-03    0.24323E+03
    0.18589E-03    0.24794E+03
    0.18965E-03    0.25273E+03
    0.19348E-03    0.25762E+03
    0.19739E-03    0.26261E+03
    0.20138E-03    0.26769E+03
    0.20544E-03    0.27287E+03
    0.20959E-03    0.27814E+03
    0.21383E-03    0.28352E+03
    0.21815E-03    0.28901E+03
    0.22255E-03    0.29459E+03
    0.22705E-03    0.30029E+03
    0.23164E-03    0.30610E+03
    0.23632E-03    0.31201E+03
    0.24109E-03    0.31804E+03
    0.24596E-03    0.32419E+03
    0.25093E-03    0.33045E+03
    0.25600E-03    0.33684E+03
    0.26117E-03    0.34335E+03
    0.26645E-03    0.34998E+03
    0.27183E-03    0.35674E+03
    0.27732E-03    0.36363E+03
    0.28292E-03    0.37065E+03
    0.28864E-03    0.37780E+03
    0.29447E-03    0.38510E+03
    0.30042E-03    0.39253E+03
    0.30649E-03    0.40010E+03
    0.31268E-03    0.40782E+03
    0.31899E-03    0.41569E+03
    0.32544E-03    0.42370E+03
    0.33201E-03    0.43187E+03
    0.33872E-03    0.44019E+03
    0.34556E-03    0.44868E+03
    0.35254E-03    0.45732E+03
    0.35966E-03    0.46613E+03
    0.36693E-03    0.47511E+03
    0.37434E-03    0.48425E+03
    0.38190E-03    0.49357E+03
    0.38962E-03    0.50307E+03
    0.39749E-03    0.51275E+03
    0.40552E-03    0.52261E+03
    0.41371E-03    0.53266E+03
    0.42207E-03    0.54289E+03
    0.43060E-03    0.55332E+03
    0.43929E-03    0.56395E+03
    0.44817E-03    0.57478E+03
    0.45722E-03    0.58581E+03
    0.46646E-03    0.59704E+03
    0.47588E-03    0.60849E+03
    0.48550E-03    0.62016E+03
    0.49530E-03    0.63204E+03
    0.50531E-03    0.64414E+03
    0.51552E-03    0.65647E+03
    0.52593E-03    0.66903E+03
    0.53656E-03    0.68183E+03
    0.54739E-03    0.69486E+03
    0.55845E-03    0.70813E+03
    0.56973E-03    0.72165E+03
    0.58124E-03    0.73543E+03
    0.59299E-03    0.74945E+03
    0.60496E-03    0.76374E+03
    0.61719E-03    0.77829E+03
    0.62965E-03    0.79310E+03
    0.64237E-03    0.80819E+03
    0.65535E-03    0.82355E+03
    0.66859E-03    0.83920E+03
    0.68210E-03    0.85513E+03
    0.69588E-03    0.87135E+03
    0.70993E-03    0.88787E+03
    0.72427E-03    0.90469E+03
    0.73891E-03    0.92181E+03
    0.75383E-03    0.93924E+03
    0.76906E-03    0.95698E+03
    0.78460E-03    0.97505E+03
    0.80045E-03    0.99343E+03
    0.81662E-03    0.10122E+04
    0.83311E-03    0.10312E+04
    0.84994E-03    0.10506E+04
    0.86711E-03    0.10703E+04
    0.88463E-03    0.10904E+04
    0.90250E-03    0.11108E+04
    0.92073E-03    0.11316E+04
    0.93933E-03    0.11528E+04
    0.95831E-03    0.11743E+04
    0.97767E-03    0.11963E+04
    0.99742E-03    0.12185E+04
    0.10176E-02    0.12412E+04
    0.10381E-02    0.12643E+04
    0.10591E-02    0.12878E+04
    0.10805E-02    0.13116E+04
    0.11023E-02    0.13359E+04
    0.11246E-02    0.13606E+04
    0.11473E-02    0.13857E+04
    0.11705E-02    0.14112E+04
    0.11941E-02    0.14372E+04
    0.12182E-02    0.14636E+04
    0.12429E-02    0.14905E+04
    0.12680E-02    0.15177E+04
    0.12936E-02    0.15455E+04
    0.13197E-02    0.15737E+04
    0.13464E-02    0.16023E+04
    0.13736E-02    0.16315E+04
    0.14013E-02    0.16611E+04
    0.14296E-02    0.16911E+04
    0.14585E-02    0.17217E+04
    0.14880E-02    0.17528E+04
    0.15180E-02    0.17843E+04
    0.15487E-02    0.18164E+04
    0.15800E-02    0.18489E+04
    0.16119E-02    0.18820E+04
    0.16445E-02    0.19155E+04
    0.16777E-02    0.19496E+04
    0.17116E-02    0.19842E+04
    0.17462E-02    0.20194E+04
    0.17814E-02    0.20550E+04
    0.18174E-02    0.20912E+04
    0.18541E-02    0.21280E+04
    0.18916E-02    0.21652E+04
    0.19298E-02    0.22031E+04
    0.19688E-02    0.22414E+04
    0.20086E-02    0.22804E+04
    0.20491E-02    0.23199E+04
    0.20905E-02    0.23599E+04
    0.21328E-02    0.24005E+04
    0.21758E-02    0.24416E+04
    0.22198E-02    0.24834E+04
    0.22646E-02    0.25257E+04
    0.23104E-02    0.25685E+04
    0.23571E-02    0.26119E+04
    0.24047E-02    0.26559E+04
    0.24533E-02    0.27005E+04
    0.25028E-02    0.27456E+04
    0.25534E-02    0.27913E+04
    0.26050E-02    0.28376E+04
    0.26576E-02    0.28844E+04
    0.27113E-02    0.29318E+04
    0.27660E-02    0.29798E+04
    0.28219E-02    0.30283E+04
    0.28789E-02    0.30774E+04
    0.29371E-02    0.31271E+04
    0.29964E-02    0.31773E+04
    0.30569E-02    0.32280E+04
    0.31187E-02    0.32793E+04
    0.31817E-02    0.33312E+04
    0.32460E-02    0.33835E+04
    0.33115E-02    0.34364E+04
    0.33784E-02    0.34898E+04
    0.34467E-02    0.35438E+04
    0.35163E-02    0.35982E+04
    0.35874E-02    0.36532E+04
    0.36598E-02    0.37086E+04
    0.37338E-02    0.37645E+04
    0.38092E-02    0.38208E+04
    0.38861E-02    0.38776E+04
    0.39646E-02    0.39348E+04
    0.40447E-02    0.39925E+04
    0.41264E-02    0.40506E+04
    0.42098E-02    0.41092E+04
    0.42948E-02    0.41683E+04
    0.43816E-02    0.42277E+04
    0.44701E-02    0.42873E+04
    0.45604E-02    0.43472E+04
    0.46525E-02    0.44071E+04
    0.47465E-02    0.44670E+04
    0.48424E-02    0.45270E+04
    0.49402E-02    0.45872E+04
    0.50400E-02    0.46477E+04
    0.51419E-02    0.47086E+04
    0.52457E-02    0.47700E+04
    0.53517E-02    0.48316E+04
    0.54598E-02    0.48936E+04
    0.55701E-02    0.49557E+04
    0.56826E-02    0.50178E+04
    0.57974E-02    0.50798E+04
    0.59145E-02    0.51418E+04
    0.60340E-02    0.52038E+04
    0.61559E-02    0.52656E+04
    0.62803E-02    0.53274E+04
    0.64072E-02    0.53890E+04
    0.65366E-02    0.54505E+04
    0.66686E-02    0.55118E+04
    0.68033E-02    0.55728E+04
    0.69408E-02    0.56335E+04
    0.70810E-02    0.56938E+04
    0.72240E-02    0.57537E+04
    0.73700E-02    0.58132E+04
    0.75189E-02    0.58722E+04
    0.76708E-02    0.59307E+04
    0.78257E-02    0.59886E+04
    0.79838E-02    0.60458E+04
    0.81451E-02    0.61023E+04
    0.83096E-02    0.61581E+04
    0.84775E-02    0.62131E+04
    0.86488E-02    0.62672E+04
    0.88235E-02    0.63204E+04
    0.90017E-02    0.63726E+04
    0.91836E-02    0.64237E+04
    0.93691E-02    0.64737E+04
    0.95583E-02    0.65226E+04
    0.97514E-02    0.65702E+04
    0.99484E-02    0.66164E+04
    0.10149E-01    0.66613E+04
    0.10354E-01    0.67048E+04
    0.10564E-01    0.67467E+04
    0.10777E-01    0.67870E+04
    0.10995E-01    0.68257E+04
    0.11217E-01    0.68625E+04
    0.11443E-01    0.68975E+04
    0.11675E-01    0.69306E+04
    0.11910E-01    0.69617E+04
    0.12151E-01    0.69909E+04
    0.12397E-01    0.70179E+04
    0.12647E-01    0.70429E+04
    0.12902E-01    0.70657E+04
    0.13163E-01    0.70859E+04
    0.13429E-01    0.71035E+04
    0.13700E-01    0.71183E+04
    0.13977E-01    0.71299E+04
    0.14259E-01    0.71387E+04
    0.14547E-01    0.71452E+04
    0.14841E-01    0.71496E+04
    0.15141E-01    0.71526E+04
    0.15447E-01    0.71543E+04
    0.15759E-01    0.71544E+04
    0.16077E-01    0.71520E+04
    0.16402E-01    0.71462E+04
    0.16734E-01    0.71363E+04
    0.17072E-01    0.71215E+04
    0.17416E-01    0.71020E+04
    0.17768E-01    0.70784E+04
    0.18127E-01    0.70511E+04
    0.18493E-01    0.70207E+04
    0.18867E-01    0.69876E+04
    0.19248E-01    0.69514E+04
    0.19637E-01    0.69117E+04
    0.20034E-01    0.68680E+04
    0.20438E-01    0.68196E+04
    0.20851E-01    0.67665E+04
    0.21272E-01    0.67089E+04
    0.21702E-01    0.66474E+04
    0.22141E-01    0.65827E+04
    0.22588E-01    0.65154E+04
    0.23044E-01    0.64459E+04
    0.23510E-01    0.63744E+04
    0.23985E-01    0.63007E+04
    0.24469E-01    0.62250E+04
    0.24964E-01    0.61471E+04
    0.25468E-01    0.60671E+04
    0.25982E-01    0.59850E+04
    0.26507E-01    0.59005E+04
    0.27043E-01    0.58137E+04
    0.27589E-01    0.57245E+04
    0.28146E-01    0.56330E+04
    0.28715E-01    0.55394E+04
    0.29295E-01    0.54441E+04
    0.29887E-01    0.53473E+04
    0.30490E-01    0.52494E+04
    0.31106E-01    0.51506E+04
    0.31735E-01    0.50515E+04
    0.32376E-01    0.49523E+04
    0.33030E-01    0.48534E+04
    0.33697E-01    0.47552E+04
    0.34378E-01    0.46580E+04
    0.35072E-01    0.45621E+04
    0.35781E-01    0.44675E+04
    0.36504E-01    0.43746E+04
    0.37241E-01    0.42834E+04
    0.37993E-01    0.41942E+04
    0.38761E-01    0.41071E+04
    0.39544E-01    0.40223E+04
    0.40343E-01    0.39398E+04
    0.41158E-01    0.38598E+04
    0.41989E-01    0.37825E+04
    0.42838E-01    0.37081E+04
    0.43703E-01    0.36369E+04
    0.44586E-01    0.35690E+04
    0.45486E-01    0.35048E+04
    0.46405E-01    0.34441E+04
    0.47343E-01    0.33867E+04
    0.48299E-01    0.33322E+04
    0.49275E-01    0.32805E+04
    0.50270E-01    0.32313E+04
    0.51286E-01    0.31842E+04
    0.52322E-01    0.31393E+04
    0.53379E-01    0.30961E+04
    0.54457E-01    0.30545E+04
    0.55557E-01    0.30140E+04
    0.56680E-01    0.29741E+04
    0.57825E-01    0.29345E+04
    0.58993E-01    0.28947E+04
    0.60184E-01    0.28544E+04
    0.61400E-01    0.28132E+04
    0.62641E-01    0.27708E+04
    0.63906E-01    0.27265E+04
    0.65197E-01    0.26797E+04
    0.66514E-01    0.26299E+04
    0.67858E-01    0.25775E+04
    0.69229E-01    0.25233E+04
    0.70627E-01    0.24677E+04
    0.72054E-01    0.24100E+04
    0.73510E-01    0.23489E+04
    0.74994E-01    0.22832E+04
    0.76509E-01    0.22139E+04
    0.78055E-01    0.21425E+04
    0.79632E-01    0.20701E+04
    0.81241E-01    0.19973E+04
    0.82882E-01    0.19244E+04
    0.84556E-01    0.18521E+04
    0.86264E-01    0.17813E+04
    0.88007E-01    0.17127E+04
    0.89785E-01    0.16470E+04
    0.91598E-01    0.15850E+04
    0.93449E-01    0.15272E+04
    0.95337E-01    0.14739E+04
    0.97263E-01    0.14257E+04
    0.99227E-01    0.13826E+04
    0.10123E+00    0.13444E+04
    0.10328E+00    0.13110E+04
    0.10536E+00    0.12818E+04
    0.10749E+00    0.12563E+04
    0.10966E+00    0.12337E+04
    0.11188E+00    0.12131E+04
    0.11414E+00    0.11937E+04
    0.11644E+00    0.11745E+04
    0.11880E+00    0.11544E+04
    0.12120E+00    0.11327E+04
    0.12365E+00    0.11085E+04
    0.12614E+00    0.10815E+04
    0.12869E+00    0.10513E+04
    0.13129E+00    0.10182E+04
    0.13394E+00    0.98244E+03
    0.13665E+00    0.94468E+03
    0.13941E+00    0.90568E+03
    0.14223E+00    0.86637E+03
    0.14510E+00    0.82773E+03
    0.14803E+00    0.79086E+03
    0.15102E+00    0.75676E+03
    0.15407E+00    0.72624E+03
    0.15718E+00    0.69972E+03
    0.16036E+00    0.67724E+03
    0.16360E+00    0.65837E+03
    0.16690E+00    0.64248E+03
    0.17028E+00    0.62874E+03
    0.17371E+00    0.61627E+03
    0.17722E+00    0.60413E+03
    0.18080E+00    0.59132E+03
    0.18446E+00    0.57697E+03
    0.18818E+00    0.56050E+03
    0.19198E+00    0.54185E+03
    0.19586E+00    0.52144E+03
    0.19982E+00    0.50004E+03
    0.20386E+00    0.47850E+03
    0.20797E+00    0.45769E+03
    0.21218E+00    0.43841E+03
    0.21646E+00    0.42127E+03
    0.22083E+00    0.40657E+03
    0.22530E+00    0.39419E+03
    0.22985E+00    0.38365E+03
    0.23449E+00    0.37424E+03
    0.23923E+00    0.36515E+03
    0.24406E+00    0.35564E+03
    0.24899E+00    0.34518E+03
    0.25402E+00    0.33364E+03
    0.25915E+00    0.32129E+03
    0.26439E+00    0.30864E+03
    0.26973E+00    0.29628E+03
    0.27518E+00    0.28478E+03
    0.28074E+00    0.27452E+03
    0.28641E+00    0.26559E+03
    0.29219E+00    0.25774E+03
    0.29810E+00    0.25050E+03
    0.30412E+00    0.24340E+03
    0.31026E+00    0.23606E+03
    0.31653E+00    0.22832E+03
    0.32292E+00    0.22025E+03
    0.32945E+00    0.21220E+03
    0.33610E+00    0.20452E+03
    0.34289E+00    0.19744E+03
    0.34982E+00    0.19103E+03
    0.35689E+00    0.18518E+03
    0.36409E+00    0.17963E+03
    0.37145E+00    0.17412E+03
    0.37895E+00    0.16854E+03
    0.38661E+00    0.16290E+03
    0.39442E+00    0.15736E+03
    0.40239E+00    0.15209E+03
    0.41052E+00    0.14716E+03
    0.41881E+00    0.14257E+03
    0.42727E+00    0.13820E+03
    0.43590E+00    0.13393E+03
    0.44471E+00    0.12970E+03
    0.45369E+00    0.12553E+03
    0.46286E+00    0.12151E+03
    0.47221E+00    0.11768E+03
    0.48174E+00    0.11404E+03
    0.49148E+00    0.11057E+03
    0.50141E+00    0.10719E+03
    0.51153E+00    0.10390E+03
    0.52187E+00    0.10069E+03
    0.53241E+00    0.97606E+02
    0.54317E+00    0.94653E+02
    0.55414E+00    0.91814E+02
    0.56533E+00    0.89066E+02
    0.57675E+00    0.86410E+02
    0.58840E+00    0.83844E+02
    0.60029E+00    0.81367E+02
    0.61242E+00    0.78976E+02
    0.62479E+00    0.76668E+02
    0.63741E+00    0.74440E+02
    0.65029E+00    0.72288E+02
    0.66342E+00    0.70210E+02
    0.67683E+00    0.68203E+02
    0.69050E+00    0.66263E+02
    0.70445E+00    0.64389E+02
    0.71868E+00    0.62577E+02
    0.73320E+00    0.60825E+02
    0.74801E+00    0.59132E+02
    0.76312E+00    0.57494E+02
    0.77854E+00    0.55909E+02
    0.79426E+00    0.54377E+02
    0.81031E+00    0.52893E+02
    0.82668E+00    0.51458E+02
    0.84338E+00    0.50068E+02
    0.86041E+00    0.48723E+02
    0.87780E+00    0.47420E+02
    0.89553E+00    0.46159E+02
    0.91362E+00    0.44937E+02
    0.93208E+00    0.43752E+02
    0.95091E+00    0.42604E+02
    0.97011E+00    0.41492E+02
    0.98971E+00    0.40412E+02
    0.10097E+01    0.39366E+02
    0.10301E+01    0.38350E+02
    0.10509E+01    0.37365E+02
    0.10721E+01    0.36409E+02
    0.10938E+01    0.35480E+02
    0.11159E+01    0.34578E+02
    0.11384E+01    0.33702E+02
    0.11614E+01    0.32851E+02
    0.11849E+01    0.32024E+02
    0.12088E+01    0.31220E+02
    0.12333E+01    0.30438E+02
    0.12582E+01    0.29677E+02
    0.12836E+01    0.28937E+02
    0.13095E+01    0.28217E+02
    0.13360E+01    0.27516E+02
    0.13630E+01    0.26834E+02
    0.13905E+01    0.26169E+02
    0.14186E+01    0.25522E+02
    0.14472E+01    0.24891E+02
    0.14765E+01    0.24277E+02
    0.15063E+01    0.23678E+02
    0.15367E+01    0.23094E+02
    0.15678E+01    0.22525E+02
    0.15994E+01    0.21970E+02
    0.16318E+01    0.21429E+02
    0.16647E+01    0.20901E+02
    0.16984E+01    0.20386E+02
    0.17327E+01    0.19883E+02
    0.17677E+01    0.19392E+02
    0.18034E+01    0.18912E+02
    0.18398E+01    0.18444E+02
    0.18770E+01    0.17986E+02
    0.19149E+01    0.17538E+02
    0.19536E+01    0.17100E+02
    0.19930E+01    0.16672E+02
    0.20333E+01    0.16253E+02
    0.20744E+01    0.15843E+02
    0.21163E+01    0.15443E+02
    0.21590E+01    0.15052E+02
    0.22026E+01    0.14671E+02
    0.22471E+01    0.14298E+02
    0.22925E+01    0.13935E+02
    0.23388E+01    0.13580E+02
    0.23861E+01    0.13234E+02
