    0.10000E-03    0.32286E+03
    0.10202E-03    0.32911E+03
    0.10408E-03    0.33549E+03
    0.10618E-03    0.34199E+03
    0.10833E-03    0.34861E+03
    0.11052E-03    0.35537E+03
    0.11275E-03    0.36225E+03
    0.11503E-03    0.36927E+03
    0.11735E-03    0.37642E+03
    0.11972E-03    0.38371E+03
    0.12214E-03    0.39115E+03
    0.12461E-03    0.39872E+03
    0.12712E-03    0.40644E+03
    0.12969E-03    0.41432E+03
    0.13231E-03    0.42234E+03
    0.13499E-03    0.43052E+03
    0.13771E-03    0.43886E+03
    0.14049E-03    0.44735E+03
    0.14333E-03    0.45602E+03
    0.14623E-03    0.46484E+03
    0.14918E-03    0.47384E+03
    0.15220E-03    0.48302E+03
    0.15527E-03    0.49237E+03
    0.15841E-03    0.50190E+03
    0.16161E-03    0.51162E+03
    0.16487E-03    0.52152E+03
    0.16820E-03    0.53161E+03
    0.17160E-03    0.54190E+03
    0.17507E-03    0.55239E+03
    0.17860E-03    0.56308E+03
    0.18221E-03    0.57397E+03
    0.18589E-03    0.58508E+03
    0.18965E-03    0.59640E+03
    0.19348E-03    0.60793E+03
    0.19739E-03    0.61969E+03
    0.20138E-03    0.63168E+03
    0.20544E-03    0.64390E+03
    0.20959E-03    0.65635E+03
    0.21383E-03    0.66904E+03
    0.21815E-03    0.68197E+03
    0.22255E-03    0.69516E+03
    0.22705E-03    0.70860E+03
    0.23164E-03    0.72229E+03
    0.23632E-03    0.73625E+03
    0.24109E-03    0.75048E+03
    0.24596E-03    0.76498E+03
    0.25093E-03    0.77976E+03
    0.25600E-03    0.79482E+03
    0.26117E-03    0.81017E+03
    0.26645E-03    0.82581E+03
    0.27183E-03    0.84175E+03
    0.27732E-03    0.85800E+03
    0.28292E-03    0.87456E+03
    0.28864E-03    0.89144E+03
    0.29447E-03    0.90864E+03
    0.30042E-03    0.92617E+03
    0.30649E-03    0.94403E+03
    0.31268E-03    0.96223E+03
    0.31899E-03    0.98078E+03
    0.32544E-03    0.99969E+03
    0.33201E-03    0.10190E+04
    0.33872E-03    0.10386E+04
    0.34556E-03    0.10586E+04
    0.35254E-03    0.10790E+04
    0.35966E-03    0.10997E+04
    0.36693E-03    0.11209E+04
    0.37434E-03    0.11425E+04
    0.38190E-03    0.11645E+04
    0.38962E-03    0.11868E+04
    0.39749E-03    0.12097E+04
    0.40552E-03    0.12329E+04
    0.41371E-03    0.12566E+04
    0.42207E-03    0.12807E+04
    0.43060E-03    0.13053E+04
    0.43929E-03    0.13304E+04
    0.44817E-03    0.13559E+04
    0.45722E-03    0.13819E+04
    0.46646E-03    0.14084E+04
    0.47588E-03    0.14354E+04
    0.48550E-03    0.14628E+04
    0.49530E-03    0.14909E+04
    0.50531E-03    0.15194E+04
    0.51552E-03    0.15484E+04
    0.52593E-03    0.15780E+04
    0.53656E-03    0.16082E+04
    0.54739E-03    0.16389E+04
    0.55845E-03    0.16702E+04
    0.56973E-03    0.17020E+04
    0.58124E-03    0.17345E+04
    0.59299E-03    0.17675E+04
    0.60496E-03    0.18012E+04
    0.61719E-03    0.18355E+04
    0.62965E-03    0.18704E+04
    0.64237E-03    0.19059E+04
    0.65535E-03    0.19421E+04
    0.66859E-03    0.19790E+04
    0.68210E-03    0.20165E+04
    0.69588E-03    0.20547E+04
    0.70993E-03    0.20936E+04
    0.72427E-03    0.21333E+04
    0.73891E-03    0.21736E+04
    0.75383E-03    0.22146E+04
    0.76906E-03    0.22564E+04
    0.78460E-03    0.22990E+04
    0.80045E-03    0.23423E+04
    0.81662E-03    0.23864E+04
    0.83311E-03    0.24313E+04
    0.84994E-03    0.24769E+04
    0.86711E-03    0.25234E+04
    0.88463E-03    0.25707E+04
    0.90250E-03    0.26189E+04
    0.92073E-03    0.26678E+04
    0.93933E-03    0.27177E+04
    0.95831E-03    0.27684E+04
    0.97767E-03    0.28200E+04
    0.99742E-03    0.28725E+04
    0.10176E-02    0.29259E+04
    0.10381E-02    0.29803E+04
    0.10591E-02    0.30356E+04
    0.10805E-02    0.30918E+04
    0.11023E-02    0.31490E+04
    0.11246E-02    0.32071E+04
    0.11473E-02    0.32663E+04
    0.11705E-02    0.33265E+04
    0.11941E-02    0.33876E+04
    0.12182E-02    0.34498E+04
    0.12429E-02    0.35131E+04
    0.12680E-02    0.35773E+04
    0.12936E-02    0.36427E+04
    0.13197E-02    0.37091E+04
    0.13464E-02    0.37766E+04
    0.13736E-02    0.38453E+04
    0.14013E-02    0.39150E+04
    0.14296E-02    0.39859E+04
    0.14585E-02    0.40579E+04
    0.14880E-02    0.41310E+04
    0.15180E-02    0.42054E+04
    0.15487E-02    0.42809E+04
    0.15800E-02    0.43576E+04
    0.16119E-02    0.44354E+04
    0.16445E-02    0.45145E+04
    0.16777E-02    0.45948E+04
    0.17116E-02    0.46764E+04
    0.17462E-02    0.47592E+04
    0.17814E-02    0.48432E+04
    0.18174E-02    0.49285E+04
    0.18541E-02    0.50150E+04
    0.18916E-02    0.51029E+04
    0.19298E-02    0.51920E+04
    0.19688E-02    0.52824E+04
    0.20086E-02    0.53741E+04
    0.20491E-02    0.54671E+04
    0.20905E-02    0.55615E+04
    0.21328E-02    0.56571E+04
    0.21758E-02    0.57541E+04
    0.22198E-02    0.58524E+04
    0.22646E-02    0.59521E+04
    0.23104E-02    0.60530E+04
    0.23571E-02    0.61553E+04
    0.24047E-02    0.62590E+04
    0.24533E-02    0.63640E+04
    0.25028E-02    0.64703E+04
    0.25534E-02    0.65780E+04
    0.26050E-02    0.66870E+04
    0.26576E-02    0.67974E+04
    0.27113E-02    0.69091E+04
    0.27660E-02    0.70221E+04
    0.28219E-02    0.71365E+04
    0.28789E-02    0.72522E+04
    0.29371E-02    0.73691E+04
    0.29964E-02    0.74874E+04
    0.30569E-02    0.76070E+04
    0.31187E-02    0.77279E+04
    0.31817E-02    0.78500E+04
    0.32460E-02    0.79734E+04
    0.33115E-02    0.80980E+04
    0.33784E-02    0.82239E+04
    0.34467E-02    0.83510E+04
    0.35163E-02    0.84793E+04
    0.35874E-02    0.86088E+04
    0.36598E-02    0.87394E+04
    0.37338E-02    0.88711E+04
    0.38092E-02    0.90038E+04
    0.38861E-02    0.91375E+04
    0.39646E-02    0.92722E+04
    0.40447E-02    0.94081E+04
    0.41264E-02    0.95451E+04
    0.42098E-02    0.96835E+04
    0.42948E-02    0.98231E+04
    0.43816E-02    0.99636E+04
    0.44701E-02    0.10104E+05
    0.45604E-02    0.10245E+05
    0.46525E-02    0.10385E+05
    0.47465E-02    0.10524E+05
    0.48424E-02    0.10662E+05
    0.49402E-02    0.10801E+05
    0.50400E-02    0.10941E+05
    0.51419E-02    0.11082E+05
    0.52457E-02    0.11225E+05
    0.53517E-02    0.11370E+05
    0.54598E-02    0.11516E+05
    0.55701E-02    0.11662E+05
    0.56826E-02    0.11809E+05
    0.57974E-02    0.11955E+05
    0.59145E-02    0.12100E+05
    0.60340E-02    0.12245E+05
    0.61559E-02    0.12390E+05
    0.62803E-02    0.12535E+05
    0.64072E-02    0.12680E+05
    0.65366E-02    0.12824E+05
    0.66686E-02    0.12968E+05
    0.68033E-02    0.13111E+05
    0.69408E-02    0.13253E+05
    0.70810E-02    0.13395E+05
    0.72240E-02    0.13535E+05
    0.73700E-02    0.13675E+05
    0.75189E-02    0.13813E+05
    0.76708E-02    0.13950E+05
    0.78257E-02    0.14086E+05
    0.79838E-02    0.14220E+05
    0.81451E-02    0.14352E+05
    0.83096E-02    0.14483E+05
    0.84775E-02    0.14612E+05
    0.86488E-02    0.14738E+05
    0.88235E-02    0.14863E+05
    0.90017E-02    0.14985E+05
    0.91836E-02    0.15105E+05
    0.93691E-02    0.15222E+05
    0.95583E-02    0.15336E+05
    0.97514E-02    0.15447E+05
    0.99484E-02    0.15555E+05
    0.10149E-01    0.15660E+05
    0.10354E-01    0.15761E+05
    0.10564E-01    0.15859E+05
    0.10777E-01    0.15953E+05
    0.10995E-01    0.16043E+05
    0.11217E-01    0.16129E+05
    0.11443E-01    0.16210E+05
    0.11675E-01    0.16287E+05
    0.11910E-01    0.16359E+05
    0.12151E-01    0.16427E+05
    0.12397E-01    0.16489E+05
    0.12647E-01    0.16547E+05
    0.12902E-01    0.16599E+05
    0.13163E-01    0.16646E+05
    0.13429E-01    0.16686E+05
    0.13700E-01    0.16720E+05
    0.13977E-01    0.16746E+05
    0.14259E-01    0.16766E+05
    0.14547E-01    0.16780E+05
    0.14841E-01    0.16789E+05
    0.15141E-01    0.16795E+05
    0.15447E-01    0.16797E+05
    0.15759E-01    0.16796E+05
    0.16077E-01    0.16789E+05
    0.16402E-01    0.16774E+05
    0.16734E-01    0.16750E+05
    0.17072E-01    0.16714E+05
    0.17416E-01    0.16667E+05
    0.17768E-01    0.16610E+05
    0.18127E-01    0.16545E+05
    0.18493E-01    0.16472E+05
    0.18867E-01    0.16393E+05
    0.19248E-01    0.16306E+05
    0.19637E-01    0.16212E+05
    0.20034E-01    0.16108E+05
    0.20438E-01    0.15993E+05
    0.20851E-01    0.15867E+05
    0.21272E-01    0.15730E+05
    0.21702E-01    0.15585E+05
    0.22141E-01    0.15431E+05
    0.22588E-01    0.15272E+05
    0.23044E-01    0.15108E+05
    0.23510E-01    0.14939E+05
    0.23985E-01    0.14765E+05
    0.24469E-01    0.14586E+05
    0.24964E-01    0.14402E+05
    0.25468E-01    0.14213E+05
    0.25982E-01    0.14019E+05
    0.26507E-01    0.13820E+05
    0.27043E-01    0.13615E+05
    0.27589E-01    0.13405E+05
    0.28146E-01    0.13190E+05
    0.28715E-01    0.12969E+05
    0.29295E-01    0.12745E+05
    0.29887E-01    0.12517E+05
    0.30490E-01    0.12287E+05
    0.31106E-01    0.12055E+05
    0.31735E-01    0.11822E+05
    0.32376E-01    0.11589E+05
    0.33030E-01    0.11357E+05
    0.33697E-01    0.11126E+05
    0.34378E-01    0.10898E+05
    0.35072E-01    0.10673E+05
    0.35781E-01    0.10451E+05
    0.36504E-01    0.10233E+05
    0.37241E-01    0.10019E+05
    0.37993E-01    0.98100E+04
    0.38761E-01    0.96059E+04
    0.39544E-01    0.94070E+04
    0.40343E-01    0.92138E+04
    0.41158E-01    0.90264E+04
    0.41989E-01    0.88453E+04
    0.42838E-01    0.86710E+04
    0.43703E-01    0.85041E+04
    0.44586E-01    0.83452E+04
    0.45486E-01    0.81948E+04
    0.46405E-01    0.80525E+04
    0.47343E-01    0.79180E+04
    0.48299E-01    0.77903E+04
    0.49275E-01    0.76690E+04
    0.50270E-01    0.75534E+04
    0.51286E-01    0.74431E+04
    0.52322E-01    0.73375E+04
    0.53379E-01    0.72361E+04
    0.54457E-01    0.71383E+04
    0.55557E-01    0.70431E+04
    0.56680E-01    0.69495E+04
    0.57825E-01    0.68564E+04
    0.58993E-01    0.67629E+04
    0.60184E-01    0.66683E+04
    0.61400E-01    0.65716E+04
    0.62641E-01    0.64721E+04
    0.63906E-01    0.63684E+04
    0.65197E-01    0.62590E+04
    0.66514E-01    0.61429E+04
    0.67858E-01    0.60208E+04
    0.69229E-01    0.58945E+04
    0.70627E-01    0.57653E+04
    0.72054E-01    0.56314E+04
    0.73510E-01    0.54895E+04
    0.74994E-01    0.53376E+04
    0.76509E-01    0.51775E+04
    0.78055E-01    0.50128E+04
    0.79632E-01    0.48459E+04
    0.81241E-01    0.46781E+04
    0.82882E-01    0.45104E+04
    0.84556E-01    0.43443E+04
    0.86264E-01    0.41816E+04
    0.88007E-01    0.40242E+04
    0.89785E-01    0.38736E+04
    0.91598E-01    0.37314E+04
    0.93449E-01    0.35988E+04
    0.95337E-01    0.34768E+04
    0.97263E-01    0.33662E+04
    0.99227E-01    0.32672E+04
    0.10123E+00    0.31795E+04
    0.10328E+00    0.31027E+04
    0.10536E+00    0.30356E+04
    0.10749E+00    0.29767E+04
    0.10966E+00    0.29244E+04
    0.11188E+00    0.28767E+04
    0.11414E+00    0.28316E+04
    0.11644E+00    0.27869E+04
    0.11880E+00    0.27404E+04
    0.12120E+00    0.26901E+04
    0.12365E+00    0.26345E+04
    0.12614E+00    0.25725E+04
    0.12869E+00    0.25035E+04
    0.13129E+00    0.24279E+04
    0.13394E+00    0.23466E+04
    0.13665E+00    0.22609E+04
    0.13941E+00    0.21725E+04
    0.14223E+00    0.20835E+04
    0.14510E+00    0.19962E+04
    0.14803E+00    0.19129E+04
    0.15102E+00    0.18358E+04
    0.15407E+00    0.17668E+04
    0.15718E+00    0.17068E+04
    0.16036E+00    0.16557E+04
    0.16360E+00    0.16127E+04
    0.16690E+00    0.15763E+04
    0.17028E+00    0.15447E+04
    0.17371E+00    0.15159E+04
    0.17722E+00    0.14879E+04
    0.18080E+00    0.14583E+04
    0.18446E+00    0.14255E+04
    0.18818E+00    0.13879E+04
    0.19198E+00    0.13457E+04
    0.19586E+00    0.12996E+04
    0.19982E+00    0.12514E+04
    0.20386E+00    0.12030E+04
    0.20797E+00    0.11563E+04
    0.21218E+00    0.11129E+04
    0.21646E+00    0.10743E+04
    0.22083E+00    0.10410E+04
    0.22530E+00    0.10128E+04
    0.22985E+00    0.98861E+03
    0.23449E+00    0.96690E+03
    0.23923E+00    0.94589E+03
    0.24406E+00    0.92397E+03
    0.24899E+00    0.90004E+03
    0.25402E+00    0.87381E+03
    0.25915E+00    0.84586E+03
    0.26439E+00    0.81730E+03
    0.26973E+00    0.78941E+03
    0.27518E+00    0.76341E+03
    0.28074E+00    0.74009E+03
    0.28641E+00    0.71963E+03
    0.29219E+00    0.70149E+03
    0.29810E+00    0.68469E+03
    0.30412E+00    0.66818E+03
    0.31026E+00    0.65118E+03
    0.31653E+00    0.63334E+03
    0.32292E+00    0.61485E+03
    0.32945E+00    0.59641E+03
    0.33610E+00    0.57880E+03
    0.34289E+00    0.56247E+03
    0.34982E+00    0.54755E+03
    0.35689E+00    0.53382E+03
    0.36409E+00    0.52073E+03
    0.37145E+00    0.50774E+03
    0.37895E+00    0.49462E+03
    0.38661E+00    0.48141E+03
    0.39442E+00    0.46841E+03
    0.40239E+00    0.45598E+03
    0.41052E+00    0.44429E+03
    0.41881E+00    0.43329E+03
    0.42727E+00    0.42277E+03
    0.43590E+00    0.41246E+03
    0.44471E+00    0.40226E+03
    0.45369E+00    0.39219E+03
    0.46286E+00    0.38243E+03
    0.47221E+00    0.37308E+03
    0.48174E+00    0.36413E+03
    0.49148E+00    0.35552E+03
    0.50141E+00    0.34712E+03
    0.51153E+00    0.33890E+03
    0.52187E+00    0.33087E+03
    0.53241E+00    0.32309E+03
    0.54317E+00    0.31559E+03
    0.55414E+00    0.30832E+03
    0.56533E+00    0.30125E+03
    0.57675E+00    0.29437E+03
    0.58840E+00    0.28768E+03
    0.60029E+00    0.28117E+03
    0.61242E+00    0.27484E+03
    0.62479E+00    0.26869E+03
    0.63741E+00    0.26270E+03
    0.65029E+00    0.25687E+03
    0.66342E+00    0.25119E+03
    0.67683E+00    0.24566E+03
    0.69050E+00    0.24027E+03
    0.70445E+00    0.23502E+03
    0.71868E+00    0.22989E+03
    0.73320E+00    0.22489E+03
    0.74801E+00    0.22002E+03
    0.76312E+00    0.21525E+03
    0.77854E+00    0.21060E+03
    0.79426E+00    0.20606E+03
    0.81031E+00    0.20162E+03
    0.82668E+00    0.19728E+03
    0.84338E+00    0.19304E+03
    0.86041E+00    0.18889E+03
    0.87780E+00    0.18483E+03
    0.89553E+00    0.18086E+03
    0.91362E+00    0.17697E+03
    0.93208E+00    0.17316E+03
    0.95091E+00    0.16943E+03
    0.97011E+00    0.16578E+03
    0.98971E+00    0.16220E+03
    0.10097E+01    0.15869E+03
    0.10301E+01    0.15525E+03
    0.10509E+01    0.15187E+03
    0.10721E+01    0.14856E+03
    0.10938E+01    0.14532E+03
    0.11159E+01    0.14213E+03
    0.11384E+01    0.13900E+03
    0.11614E+01    0.13594E+03
    0.11849E+01    0.13292E+03
    0.12088E+01    0.12996E+03
    0.12333E+01    0.12706E+03
    0.12582E+01    0.12420E+03
    0.12836E+01    0.12140E+03
    0.13095E+01    0.11865E+03
    0.13360E+01    0.11594E+03
    0.13630E+01    0.11328E+03
    0.13905E+01    0.11067E+03
    0.14186E+01    0.10810E+03
    0.14472E+01    0.10558E+03
    0.14765E+01    0.10310E+03
    0.15063E+01    0.10067E+03
    0.15367E+01    0.98275E+02
    0.15678E+01    0.95927E+02
    0.15994E+01    0.93621E+02
    0.16318E+01    0.91357E+02
    0.16647E+01    0.89134E+02
    0.16984E+01    0.86950E+02
    0.17327E+01    0.84803E+02
    0.17677E+01    0.82694E+02
    0.18034E+01    0.80621E+02
    0.18398E+01    0.78583E+02
    0.18770E+01    0.76579E+02
    0.19149E+01    0.74608E+02
    0.19536E+01    0.72670E+02
    0.19930E+01    0.70763E+02
    0.20333E+01    0.68889E+02
    0.20744E+01    0.67048E+02
    0.21163E+01    0.65244E+02
    0.21590E+01    0.63477E+02
    0.22026E+01    0.61749E+02
    0.22471E+01    0.60061E+02
    0.22925E+01    0.58413E+02
    0.23388E+01    0.56806E+02
    0.23861E+01    0.55241E+02
