    0.10000E-03    0.56136E+03
    0.10202E-03    0.57223E+03
    0.10408E-03    0.58332E+03
    0.10618E-03    0.59462E+03
    0.10833E-03    0.60614E+03
    0.11052E-03    0.61788E+03
    0.11275E-03    0.62985E+03
    0.11503E-03    0.64205E+03
    0.11735E-03    0.65448E+03
    0.11972E-03    0.66716E+03
    0.12214E-03    0.68008E+03
    0.12461E-03    0.69325E+03
    0.12712E-03    0.70668E+03
    0.12969E-03    0.72037E+03
    0.13231E-03    0.73432E+03
    0.13499E-03    0.74854E+03
    0.13771E-03    0.76303E+03
    0.14049E-03    0.77780E+03
    0.14333E-03    0.79286E+03
    0.14623E-03    0.80822E+03
    0.14918E-03    0.82386E+03
    0.15220E-03    0.83981E+03
    0.15527E-03    0.85607E+03
    0.15841E-03    0.87264E+03
    0.16161E-03    0.88953E+03
    0.16487E-03    0.90674E+03
    0.16820E-03    0.92429E+03
    0.17160E-03    0.94218E+03
    0.17507E-03    0.96041E+03
    0.17860E-03    0.97899E+03
    0.18221E-03    0.99794E+03
    0.18589E-03    0.10172E+04
    0.18965E-03    0.10369E+04
    0.19348E-03    0.10570E+04
    0.19739E-03    0.10774E+04
    0.20138E-03    0.10983E+04
    0.20544E-03    0.11195E+04
    0.20959E-03    0.11411E+04
    0.21383E-03    0.11632E+04
    0.21815E-03    0.11857E+04
    0.22255E-03    0.12086E+04
    0.22705E-03    0.12320E+04
    0.23164E-03    0.12558E+04
    0.23632E-03    0.12800E+04
    0.24109E-03    0.13048E+04
    0.24596E-03    0.13300E+04
    0.25093E-03    0.13557E+04
    0.25600E-03    0.13818E+04
    0.26117E-03    0.14085E+04
    0.26645E-03    0.14357E+04
    0.27183E-03    0.14634E+04
    0.27732E-03    0.14917E+04
    0.28292E-03    0.15205E+04
    0.28864E-03    0.15498E+04
    0.29447E-03    0.15797E+04
    0.30042E-03    0.16101E+04
    0.30649E-03    0.16412E+04
    0.31268E-03    0.16728E+04
    0.31899E-03    0.17051E+04
    0.32544E-03    0.17379E+04
    0.33201E-03    0.17714E+04
    0.33872E-03    0.18055E+04
    0.34556E-03    0.18403E+04
    0.35254E-03    0.18757E+04
    0.35966E-03    0.19118E+04
    0.36693E-03    0.19486E+04
    0.37434E-03    0.19861E+04
    0.38190E-03    0.20243E+04
    0.38962E-03    0.20632E+04
    0.39749E-03    0.21028E+04
    0.40552E-03    0.21432E+04
    0.41371E-03    0.21844E+04
    0.42207E-03    0.22263E+04
    0.43060E-03    0.22691E+04
    0.43929E-03    0.23126E+04
    0.44817E-03    0.23569E+04
    0.45722E-03    0.24021E+04
    0.46646E-03    0.24481E+04
    0.47588E-03    0.24950E+04
    0.48550E-03    0.25428E+04
    0.49530E-03    0.25914E+04
    0.50531E-03    0.26410E+04
    0.51552E-03    0.26915E+04
    0.52593E-03    0.27429E+04
    0.53656E-03    0.27953E+04
    0.54739E-03    0.28487E+04
    0.55845E-03    0.29030E+04
    0.56973E-03    0.29584E+04
    0.58124E-03    0.30147E+04
    0.59299E-03    0.30722E+04
    0.60496E-03    0.31306E+04
    0.61719E-03    0.31902E+04
    0.62965E-03    0.32508E+04
    0.64237E-03    0.33126E+04
    0.65535E-03    0.33755E+04
    0.66859E-03    0.34395E+04
    0.68210E-03    0.35047E+04
    0.69588E-03    0.35711E+04
    0.70993E-03    0.36387E+04
    0.72427E-03    0.37075E+04
    0.73891E-03    0.37776E+04
    0.75383E-03    0.38489E+04
    0.76906E-03    0.39215E+04
    0.78460E-03    0.39954E+04
    0.80045E-03    0.40707E+04
    0.81662E-03    0.41473E+04
    0.83311E-03    0.42252E+04
    0.84994E-03    0.43046E+04
    0.86711E-03    0.43853E+04
    0.88463E-03    0.44675E+04
    0.90250E-03    0.45511E+04
    0.92073E-03    0.46362E+04
    0.93933E-03    0.47228E+04
    0.95831E-03    0.48110E+04
    0.97767E-03    0.49006E+04
    0.99742E-03    0.49919E+04
    0.10176E-02    0.50847E+04
    0.10381E-02    0.51791E+04
    0.10591E-02    0.52751E+04
    0.10805E-02    0.53728E+04
    0.11023E-02    0.54722E+04
    0.11246E-02    0.55732E+04
    0.11473E-02    0.56760E+04
    0.11705E-02    0.57805E+04
    0.11941E-02    0.58868E+04
    0.12182E-02    0.59948E+04
    0.12429E-02    0.61047E+04
    0.12680E-02    0.62164E+04
    0.12936E-02    0.63300E+04
    0.13197E-02    0.64454E+04
    0.13464E-02    0.65627E+04
    0.13736E-02    0.66819E+04
    0.14013E-02    0.68031E+04
    0.14296E-02    0.69262E+04
    0.14585E-02    0.70513E+04
    0.14880E-02    0.71785E+04
    0.15180E-02    0.73076E+04
    0.15487E-02    0.74388E+04
    0.15800E-02    0.75720E+04
    0.16119E-02    0.77073E+04
    0.16445E-02    0.78448E+04
    0.16777E-02    0.79843E+04
    0.17116E-02    0.81260E+04
    0.17462E-02    0.82698E+04
    0.17814E-02    0.84158E+04
    0.18174E-02    0.85640E+04
    0.18541E-02    0.87144E+04
    0.18916E-02    0.88670E+04
    0.19298E-02    0.90219E+04
    0.19688E-02    0.91790E+04
    0.20086E-02    0.93383E+04
    0.20491E-02    0.94999E+04
    0.20905E-02    0.96638E+04
    0.21328E-02    0.98300E+04
    0.21758E-02    0.99985E+04
    0.22198E-02    0.10169E+05
    0.22646E-02    0.10342E+05
    0.23104E-02    0.10518E+05
    0.23571E-02    0.10696E+05
    0.24047E-02    0.10876E+05
    0.24533E-02    0.11058E+05
    0.25028E-02    0.11243E+05
    0.25534E-02    0.11430E+05
    0.26050E-02    0.11620E+05
    0.26576E-02    0.11811E+05
    0.27113E-02    0.12005E+05
    0.27660E-02    0.12202E+05
    0.28219E-02    0.12400E+05
    0.28789E-02    0.12601E+05
    0.29371E-02    0.12805E+05
    0.29964E-02    0.13010E+05
    0.30569E-02    0.13218E+05
    0.31187E-02    0.13428E+05
    0.31817E-02    0.13640E+05
    0.32460E-02    0.13855E+05
    0.33115E-02    0.14071E+05
    0.33784E-02    0.14290E+05
    0.34467E-02    0.14511E+05
    0.35163E-02    0.14734E+05
    0.35874E-02    0.14959E+05
    0.36598E-02    0.15186E+05
    0.37338E-02    0.15415E+05
    0.38092E-02    0.15645E+05
    0.38861E-02    0.15877E+05
    0.39646E-02    0.16111E+05
    0.40447E-02    0.16347E+05
    0.41264E-02    0.16585E+05
    0.42098E-02    0.16826E+05
    0.42948E-02    0.17070E+05
    0.43816E-02    0.17315E+05
    0.44701E-02    0.17560E+05
    0.45604E-02    0.17803E+05
    0.46525E-02    0.18044E+05
    0.47465E-02    0.18280E+05
    0.48424E-02    0.18515E+05
    0.49402E-02    0.18750E+05
    0.50400E-02    0.18987E+05
    0.51419E-02    0.19228E+05
    0.52457E-02    0.19475E+05
    0.53517E-02    0.19725E+05
    0.54598E-02    0.19979E+05
    0.55701E-02    0.20233E+05
    0.56826E-02    0.20487E+05
    0.57974E-02    0.20740E+05
    0.59145E-02    0.20992E+05
    0.60340E-02    0.21243E+05
    0.61559E-02    0.21494E+05
    0.62803E-02    0.21744E+05
    0.64072E-02    0.21994E+05
    0.65366E-02    0.22244E+05
    0.66686E-02    0.22492E+05
    0.68033E-02    0.22740E+05
    0.69408E-02    0.22986E+05
    0.70810E-02    0.23230E+05
    0.72240E-02    0.23473E+05
    0.73700E-02    0.23714E+05
    0.75189E-02    0.23953E+05
    0.76708E-02    0.24190E+05
    0.78257E-02    0.24424E+05
    0.79838E-02    0.24655E+05
    0.81451E-02    0.24884E+05
    0.83096E-02    0.25109E+05
    0.84775E-02    0.25331E+05
    0.86488E-02    0.25550E+05
    0.88235E-02    0.25764E+05
    0.90017E-02    0.25975E+05
    0.91836E-02    0.26181E+05
    0.93691E-02    0.26382E+05
    0.95583E-02    0.26579E+05
    0.97514E-02    0.26770E+05
    0.99484E-02    0.26956E+05
    0.10149E-01    0.27136E+05
    0.10354E-01    0.27310E+05
    0.10564E-01    0.27478E+05
    0.10777E-01    0.27639E+05
    0.10995E-01    0.27794E+05
    0.11217E-01    0.27941E+05
    0.11443E-01    0.28080E+05
    0.11675E-01    0.28212E+05
    0.11910E-01    0.28335E+05
    0.12151E-01    0.28450E+05
    0.12397E-01    0.28557E+05
    0.12647E-01    0.28655E+05
    0.12902E-01    0.28744E+05
    0.13163E-01    0.28823E+05
    0.13429E-01    0.28891E+05
    0.13700E-01    0.28947E+05
    0.13977E-01    0.28990E+05
    0.14259E-01    0.29022E+05
    0.14547E-01    0.29044E+05
    0.14841E-01    0.29058E+05
    0.15141E-01    0.29066E+05
    0.15447E-01    0.29069E+05
    0.15759E-01    0.29065E+05
    0.16077E-01    0.29050E+05
    0.16402E-01    0.29022E+05
    0.16734E-01    0.28978E+05
    0.17072E-01    0.28913E+05
    0.17416E-01    0.28829E+05
    0.17768E-01    0.28729E+05
    0.18127E-01    0.28613E+05
    0.18493E-01    0.28485E+05
    0.18867E-01    0.28346E+05
    0.19248E-01    0.28194E+05
    0.19637E-01    0.28028E+05
    0.20034E-01    0.27846E+05
    0.20438E-01    0.27645E+05
    0.20851E-01    0.27424E+05
    0.21272E-01    0.27186E+05
    0.21702E-01    0.26931E+05
    0.22141E-01    0.26664E+05
    0.22588E-01    0.26387E+05
    0.23044E-01    0.26100E+05
    0.23510E-01    0.25806E+05
    0.23985E-01    0.25502E+05
    0.24469E-01    0.25191E+05
    0.24964E-01    0.24871E+05
    0.25468E-01    0.24542E+05
    0.25982E-01    0.24205E+05
    0.26507E-01    0.23859E+05
    0.27043E-01    0.23503E+05
    0.27589E-01    0.23138E+05
    0.28146E-01    0.22763E+05
    0.28715E-01    0.22381E+05
    0.29295E-01    0.21991E+05
    0.29887E-01    0.21596E+05
    0.30490E-01    0.21196E+05
    0.31106E-01    0.20794E+05
    0.31735E-01    0.20389E+05
    0.32376E-01    0.19985E+05
    0.33030E-01    0.19583E+05
    0.33697E-01    0.19183E+05
    0.34378E-01    0.18788E+05
    0.35072E-01    0.18398E+05
    0.35781E-01    0.18013E+05
    0.36504E-01    0.17636E+05
    0.37241E-01    0.17266E+05
    0.37993E-01    0.16904E+05
    0.38761E-01    0.16550E+05
    0.39544E-01    0.16206E+05
    0.40343E-01    0.15872E+05
    0.41158E-01    0.15548E+05
    0.41989E-01    0.15235E+05
    0.42838E-01    0.14934E+05
    0.43703E-01    0.14646E+05
    0.44586E-01    0.14371E+05
    0.45486E-01    0.14112E+05
    0.46405E-01    0.13866E+05
    0.47343E-01    0.13634E+05
    0.48299E-01    0.13414E+05
    0.49275E-01    0.13206E+05
    0.50270E-01    0.13007E+05
    0.51286E-01    0.12817E+05
    0.52322E-01    0.12636E+05
    0.53379E-01    0.12462E+05
    0.54457E-01    0.12295E+05
    0.55557E-01    0.12133E+05
    0.56680E-01    0.11973E+05
    0.57825E-01    0.11814E+05
    0.58993E-01    0.11655E+05
    0.60184E-01    0.11494E+05
    0.61400E-01    0.11329E+05
    0.62641E-01    0.11160E+05
    0.63906E-01    0.10984E+05
    0.65197E-01    0.10798E+05
    0.66514E-01    0.10601E+05
    0.67858E-01    0.10393E+05
    0.69229E-01    0.10178E+05
    0.70627E-01    0.99584E+04
    0.72054E-01    0.97305E+04
    0.73510E-01    0.94888E+04
    0.74994E-01    0.92296E+04
    0.76509E-01    0.89562E+04
    0.78055E-01    0.86747E+04
    0.79632E-01    0.83895E+04
    0.81241E-01    0.81027E+04
    0.82882E-01    0.78160E+04
    0.84556E-01    0.75320E+04
    0.86264E-01    0.72539E+04
    0.88007E-01    0.69849E+04
    0.89785E-01    0.67279E+04
    0.91598E-01    0.64855E+04
    0.93449E-01    0.62597E+04
    0.95337E-01    0.60524E+04
    0.97263E-01    0.58650E+04
    0.99227E-01    0.56978E+04
    0.10123E+00    0.55503E+04
    0.10328E+00    0.54218E+04
    0.10536E+00    0.53102E+04
    0.10749E+00    0.52130E+04
    0.10966E+00    0.51275E+04
    0.11188E+00    0.50501E+04
    0.11414E+00    0.49773E+04
    0.11644E+00    0.49052E+04
    0.11880E+00    0.48299E+04
    0.12120E+00    0.47481E+04
    0.12365E+00    0.46568E+04
    0.12614E+00    0.45540E+04
    0.12869E+00    0.44388E+04
    0.13129E+00    0.43117E+04
    0.13394E+00    0.41742E+04
    0.13665E+00    0.40288E+04
    0.13941E+00    0.38784E+04
    0.14223E+00    0.37268E+04
    0.14510E+00    0.35779E+04
    0.14803E+00    0.34360E+04
    0.15102E+00    0.33050E+04
    0.15407E+00    0.31881E+04
    0.15718E+00    0.30870E+04
    0.16036E+00    0.30017E+04
    0.16360E+00    0.29306E+04
    0.16690E+00    0.28710E+04
    0.17028E+00    0.28199E+04
    0.17371E+00    0.27737E+04
    0.17722E+00    0.27287E+04
    0.18080E+00    0.26810E+04
    0.18446E+00    0.26272E+04
    0.18818E+00    0.25649E+04
    0.19198E+00    0.24938E+04
    0.19586E+00    0.24158E+04
    0.19982E+00    0.23338E+04
    0.20386E+00    0.22512E+04
    0.20797E+00    0.21715E+04
    0.21218E+00    0.20977E+04
    0.21646E+00    0.20322E+04
    0.22083E+00    0.19761E+04
    0.22530E+00    0.19290E+04
    0.22985E+00    0.18890E+04
    0.23449E+00    0.18532E+04
    0.23923E+00    0.18186E+04
    0.24406E+00    0.17822E+04
    0.24899E+00    0.17420E+04
    0.25402E+00    0.16976E+04
    0.25915E+00    0.16500E+04
    0.26439E+00    0.16012E+04
    0.26973E+00    0.15535E+04
    0.27518E+00    0.15090E+04
    0.28074E+00    0.14692E+04
    0.28641E+00    0.14345E+04
    0.29219E+00    0.14037E+04
    0.29810E+00    0.13752E+04
    0.30412E+00    0.13471E+04
    0.31026E+00    0.13181E+04
    0.31653E+00    0.12875E+04
    0.32292E+00    0.12556E+04
    0.32945E+00    0.12237E+04
    0.33610E+00    0.11933E+04
    0.34289E+00    0.11650E+04
    0.34982E+00    0.11391E+04
    0.35689E+00    0.11153E+04
    0.36409E+00    0.10925E+04
    0.37145E+00    0.10698E+04
    0.37895E+00    0.10468E+04
    0.38661E+00    0.10236E+04
    0.39442E+00    0.10007E+04
    0.40239E+00    0.97873E+03
    0.41052E+00    0.95800E+03
    0.41881E+00    0.93841E+03
    0.42727E+00    0.91958E+03
    0.43590E+00    0.90108E+03
    0.44471E+00    0.88272E+03
    0.45369E+00    0.86456E+03
    0.46286E+00    0.84688E+03
    0.47221E+00    0.82986E+03
    0.48174E+00    0.81349E+03
    0.49148E+00    0.79764E+03
    0.50141E+00    0.78212E+03
    0.51153E+00    0.76686E+03
    0.52187E+00    0.75190E+03
    0.53241E+00    0.73734E+03
    0.54317E+00    0.72321E+03
    0.55414E+00    0.70943E+03
    0.56533E+00    0.69596E+03
    0.57675E+00    0.68278E+03
    0.58840E+00    0.66988E+03
    0.60029E+00    0.65727E+03
    0.61242E+00    0.64493E+03
    0.62479E+00    0.63285E+03
    0.63741E+00    0.62103E+03
    0.65029E+00    0.60944E+03
    0.66342E+00    0.59809E+03
    0.67683E+00    0.58696E+03
    0.69050E+00    0.57603E+03
    0.70445E+00    0.56532E+03
    0.71868E+00    0.55479E+03
    0.73320E+00    0.54445E+03
    0.74801E+00    0.53430E+03
    0.76312E+00    0.52431E+03
    0.77854E+00    0.51449E+03
    0.79426E+00    0.50484E+03
    0.81031E+00    0.49533E+03
    0.82668E+00    0.48598E+03
    0.84338E+00    0.47677E+03
    0.86041E+00    0.46770E+03
    0.87780E+00    0.45876E+03
    0.89553E+00    0.44996E+03
    0.91362E+00    0.44128E+03
    0.93208E+00    0.43272E+03
    0.95091E+00    0.42428E+03
    0.97011E+00    0.41596E+03
    0.98971E+00    0.40776E+03
    0.10097E+01    0.39966E+03
    0.10301E+01    0.39167E+03
    0.10509E+01    0.38378E+03
    0.10721E+01    0.37600E+03
    0.10938E+01    0.36832E+03
    0.11159E+01    0.36074E+03
    0.11384E+01    0.35325E+03
    0.11614E+01    0.34586E+03
    0.11849E+01    0.33856E+03
    0.12088E+01    0.33136E+03
    0.12333E+01    0.32424E+03
    0.12582E+01    0.31722E+03
    0.12836E+01    0.31028E+03
    0.13095E+01    0.30344E+03
    0.13360E+01    0.29667E+03
    0.13630E+01    0.29000E+03
    0.13905E+01    0.28341E+03
    0.14186E+01    0.27691E+03
    0.14472E+01    0.27050E+03
    0.14765E+01    0.26417E+03
    0.15063E+01    0.25793E+03
    0.15367E+01    0.25179E+03
    0.15678E+01    0.24573E+03
    0.15994E+01    0.23976E+03
    0.16318E+01    0.23388E+03
    0.16647E+01    0.22809E+03
    0.16984E+01    0.22238E+03
    0.17327E+01    0.21676E+03
    0.17677E+01    0.21123E+03
    0.18034E+01    0.20578E+03
    0.18398E+01    0.20040E+03
    0.18770E+01    0.19511E+03
    0.19149E+01    0.18990E+03
    0.19536E+01    0.18476E+03
    0.19930E+01    0.17971E+03
    0.20333E+01    0.17473E+03
    0.20744E+01    0.16984E+03
    0.21163E+01    0.16504E+03
    0.21590E+01    0.16035E+03
    0.22026E+01    0.15575E+03
    0.22471E+01    0.15127E+03
    0.22925E+01    0.14689E+03
    0.23388E+01    0.14263E+03
    0.23861E+01    0.13849E+03
