    0.10000E-03    0.10328E+03
    0.10202E-03    0.10529E+03
    0.10408E-03    0.10732E+03
    0.10618E-03    0.10940E+03
    0.10833E-03    0.11152E+03
    0.11052E-03    0.11368E+03
    0.11275E-03    0.11589E+03
    0.11503E-03    0.11813E+03
    0.11735E-03    0.12042E+03
    0.11972E-03    0.12275E+03
    0.12214E-03    0.12513E+03
    0.12461E-03    0.12756E+03
    0.12712E-03    0.13003E+03
    0.12969E-03    0.13254E+03
    0.13231E-03    0.13511E+03
    0.13499E-03    0.13773E+03
    0.13771E-03    0.14040E+03
    0.14049E-03    0.14311E+03
    0.14333E-03    0.14589E+03
    0.14623E-03    0.14871E+03
    0.14918E-03    0.15159E+03
    0.15220E-03    0.15453E+03
    0.15527E-03    0.15752E+03
    0.15841E-03    0.16057E+03
    0.16161E-03    0.16368E+03
    0.16487E-03    0.16685E+03
    0.16820E-03    0.17008E+03
    0.17160E-03    0.17337E+03
    0.17507E-03    0.17672E+03
    0.17860E-03    0.18014E+03
    0.18221E-03    0.18363E+03
    0.18589E-03    0.18718E+03
    0.18965E-03    0.19081E+03
    0.19348E-03    0.19450E+03
    0.19739E-03    0.19826E+03
    0.20138E-03    0.20210E+03
    0.20544E-03    0.20601E+03
    0.20959E-03    0.20999E+03
    0.21383E-03    0.21405E+03
    0.21815E-03    0.21819E+03
    0.22255E-03    0.22241E+03
    0.22705E-03    0.22671E+03
    0.23164E-03    0.23110E+03
    0.23632E-03    0.23557E+03
    0.24109E-03    0.24012E+03
    0.24596E-03    0.24476E+03
    0.25093E-03    0.24949E+03
    0.25600E-03    0.25431E+03
    0.26117E-03    0.25922E+03
    0.26645E-03    0.26423E+03
    0.27183E-03    0.26934E+03
    0.27732E-03    0.27454E+03
    0.28292E-03    0.27984E+03
    0.28864E-03    0.28524E+03
    0.29447E-03    0.29075E+03
    0.30042E-03    0.29636E+03
    0.30649E-03    0.30208E+03
    0.31268E-03    0.30791E+03
    0.31899E-03    0.31385E+03
    0.32544E-03    0.31990E+03
    0.33201E-03    0.32607E+03
    0.33872E-03    0.33236E+03
    0.34556E-03    0.33876E+03
    0.35254E-03    0.34529E+03
    0.35966E-03    0.35194E+03
    0.36693E-03    0.35872E+03
    0.37434E-03    0.36563E+03
    0.38190E-03    0.37267E+03
    0.38962E-03    0.37984E+03
    0.39749E-03    0.38715E+03
    0.40552E-03    0.39459E+03
    0.41371E-03    0.40218E+03
    0.42207E-03    0.40991E+03
    0.43060E-03    0.41779E+03
    0.43929E-03    0.42581E+03
    0.44817E-03    0.43399E+03
    0.45722E-03    0.44232E+03
    0.46646E-03    0.45081E+03
    0.47588E-03    0.45946E+03
    0.48550E-03    0.46827E+03
    0.49530E-03    0.47724E+03
    0.50531E-03    0.48638E+03
    0.51552E-03    0.49570E+03
    0.52593E-03    0.50518E+03
    0.53656E-03    0.51485E+03
    0.54739E-03    0.52469E+03
    0.55845E-03    0.53472E+03
    0.56973E-03    0.54493E+03
    0.58124E-03    0.55534E+03
    0.59299E-03    0.56593E+03
    0.60496E-03    0.57672E+03
    0.61719E-03    0.58771E+03
    0.62965E-03    0.59891E+03
    0.64237E-03    0.61031E+03
    0.65535E-03    0.62191E+03
    0.66859E-03    0.63373E+03
    0.68210E-03    0.64577E+03
    0.69588E-03    0.65802E+03
    0.70993E-03    0.67050E+03
    0.72427E-03    0.68321E+03
    0.73891E-03    0.69614E+03
    0.75383E-03    0.70931E+03
    0.76906E-03    0.72272E+03
    0.78460E-03    0.73637E+03
    0.80045E-03    0.75026E+03
    0.81662E-03    0.76440E+03
    0.83311E-03    0.77880E+03
    0.84994E-03    0.79345E+03
    0.86711E-03    0.80836E+03
    0.88463E-03    0.82353E+03
    0.90250E-03    0.83898E+03
    0.92073E-03    0.85469E+03
    0.93933E-03    0.87068E+03
    0.95831E-03    0.88695E+03
    0.97767E-03    0.90351E+03
    0.99742E-03    0.92035E+03
    0.10176E-02    0.93749E+03
    0.10381E-02    0.95492E+03
    0.10591E-02    0.97265E+03
    0.10805E-02    0.99068E+03
    0.11023E-02    0.10090E+04
    0.11246E-02    0.10277E+04
    0.11473E-02    0.10467E+04
    0.11705E-02    0.10660E+04
    0.11941E-02    0.10856E+04
    0.12182E-02    0.11055E+04
    0.12429E-02    0.11258E+04
    0.12680E-02    0.11464E+04
    0.12936E-02    0.11674E+04
    0.13197E-02    0.11887E+04
    0.13464E-02    0.12103E+04
    0.13736E-02    0.12323E+04
    0.14013E-02    0.12547E+04
    0.14296E-02    0.12774E+04
    0.14585E-02    0.13005E+04
    0.14880E-02    0.13240E+04
    0.15180E-02    0.13478E+04
    0.15487E-02    0.13720E+04
    0.15800E-02    0.13966E+04
    0.16119E-02    0.14216E+04
    0.16445E-02    0.14470E+04
    0.16777E-02    0.14727E+04
    0.17116E-02    0.14989E+04
    0.17462E-02    0.15254E+04
    0.17814E-02    0.15524E+04
    0.18174E-02    0.15797E+04
    0.18541E-02    0.16075E+04
    0.18916E-02    0.16356E+04
    0.19298E-02    0.16642E+04
    0.19688E-02    0.16932E+04
    0.20086E-02    0.17226E+04
    0.20491E-02    0.17524E+04
    0.20905E-02    0.17827E+04
    0.21328E-02    0.18133E+04
    0.21758E-02    0.18444E+04
    0.22198E-02    0.18760E+04
    0.22646E-02    0.19079E+04
    0.23104E-02    0.19403E+04
    0.23571E-02    0.19731E+04
    0.24047E-02    0.20063E+04
    0.24533E-02    0.20400E+04
    0.25028E-02    0.20741E+04
    0.25534E-02    0.21086E+04
    0.26050E-02    0.21436E+04
    0.26576E-02    0.21790E+04
    0.27113E-02    0.22148E+04
    0.27660E-02    0.22510E+04
    0.28219E-02    0.22877E+04
    0.28789E-02    0.23248E+04
    0.29371E-02    0.23623E+04
    0.29964E-02    0.24002E+04
    0.30569E-02    0.24385E+04
    0.31187E-02    0.24773E+04
    0.31817E-02    0.25165E+04
    0.32460E-02    0.25560E+04
    0.33115E-02    0.25960E+04
    0.33784E-02    0.26363E+04
    0.34467E-02    0.26771E+04
    0.35163E-02    0.27182E+04
    0.35874E-02    0.27597E+04
    0.36598E-02    0.28016E+04
    0.37338E-02    0.28438E+04
    0.38092E-02    0.28864E+04
    0.38861E-02    0.29293E+04
    0.39646E-02    0.29725E+04
    0.40447E-02    0.30161E+04
    0.41264E-02    0.30600E+04
    0.42098E-02    0.31043E+04
    0.42948E-02    0.31488E+04
    0.43816E-02    0.31937E+04
    0.44701E-02    0.32387E+04
    0.45604E-02    0.32840E+04
    0.46525E-02    0.33293E+04
    0.47465E-02    0.33747E+04
    0.48424E-02    0.34202E+04
    0.49402E-02    0.34659E+04
    0.50400E-02    0.35117E+04
    0.51419E-02    0.35579E+04
    0.52457E-02    0.36043E+04
    0.53517E-02    0.36509E+04
    0.54598E-02    0.36977E+04
    0.55701E-02    0.37446E+04
    0.56826E-02    0.37915E+04
    0.57974E-02    0.38384E+04
    0.59145E-02    0.38853E+04
    0.60340E-02    0.39321E+04
    0.61559E-02    0.39789E+04
    0.62803E-02    0.40256E+04
    0.64072E-02    0.40722E+04
    0.65366E-02    0.41187E+04
    0.66686E-02    0.41650E+04
    0.68033E-02    0.42111E+04
    0.69408E-02    0.42570E+04
    0.70810E-02    0.43026E+04
    0.72240E-02    0.43479E+04
    0.73700E-02    0.43929E+04
    0.75189E-02    0.44375E+04
    0.76708E-02    0.44817E+04
    0.78257E-02    0.45255E+04
    0.79838E-02    0.45688E+04
    0.81451E-02    0.46115E+04
    0.83096E-02    0.46537E+04
    0.84775E-02    0.46953E+04
    0.86488E-02    0.47362E+04
    0.88235E-02    0.47764E+04
    0.90017E-02    0.48159E+04
    0.91836E-02    0.48546E+04
    0.93691E-02    0.48924E+04
    0.95583E-02    0.49294E+04
    0.97514E-02    0.49654E+04
    0.99484E-02    0.50004E+04
    0.10149E-01    0.50344E+04
    0.10354E-01    0.50672E+04
    0.10564E-01    0.50990E+04
    0.10777E-01    0.51295E+04
    0.10995E-01    0.51587E+04
    0.11217E-01    0.51866E+04
    0.11443E-01    0.52131E+04
    0.11675E-01    0.52382E+04
    0.11910E-01    0.52617E+04
    0.12151E-01    0.52838E+04
    0.12397E-01    0.53043E+04
    0.12647E-01    0.53232E+04
    0.12902E-01    0.53405E+04
    0.13163E-01    0.53558E+04
    0.13429E-01    0.53692E+04
    0.13700E-01    0.53804E+04
    0.13977E-01    0.53892E+04
    0.14259E-01    0.53960E+04
    0.14547E-01    0.54009E+04
    0.14841E-01    0.54043E+04
    0.15141E-01    0.54066E+04
    0.15447E-01    0.54079E+04
    0.15759E-01    0.54081E+04
    0.16077E-01    0.54063E+04
    0.16402E-01    0.54020E+04
    0.16734E-01    0.53945E+04
    0.17072E-01    0.53834E+04
    0.17416E-01    0.53688E+04
    0.17768E-01    0.53510E+04
    0.18127E-01    0.53304E+04
    0.18493E-01    0.53075E+04
    0.18867E-01    0.52825E+04
    0.19248E-01    0.52552E+04
    0.19637E-01    0.52252E+04
    0.20034E-01    0.51922E+04
    0.20438E-01    0.51557E+04
    0.20851E-01    0.51156E+04
    0.21272E-01    0.50721E+04
    0.21702E-01    0.50257E+04
    0.22141E-01    0.49768E+04
    0.22588E-01    0.49260E+04
    0.23044E-01    0.48735E+04
    0.23510E-01    0.48194E+04
    0.23985E-01    0.47638E+04
    0.24469E-01    0.47065E+04
    0.24964E-01    0.46477E+04
    0.25468E-01    0.45873E+04
    0.25982E-01    0.45252E+04
    0.26507E-01    0.44613E+04
    0.27043E-01    0.43957E+04
    0.27589E-01    0.43283E+04
    0.28146E-01    0.42591E+04
    0.28715E-01    0.41884E+04
    0.29295E-01    0.41163E+04
    0.29887E-01    0.40431E+04
    0.30490E-01    0.39690E+04
    0.31106E-01    0.38943E+04
    0.31735E-01    0.38193E+04
    0.32376E-01    0.37443E+04
    0.33030E-01    0.36695E+04
    0.33697E-01    0.35952E+04
    0.34378E-01    0.35217E+04
    0.35072E-01    0.34491E+04
    0.35781E-01    0.33775E+04
    0.36504E-01    0.33072E+04
    0.37241E-01    0.32382E+04
    0.37993E-01    0.31707E+04
    0.38761E-01    0.31048E+04
    0.39544E-01    0.30406E+04
    0.40343E-01    0.29782E+04
    0.41158E-01    0.29176E+04
    0.41989E-01    0.28591E+04
    0.42838E-01    0.28028E+04
    0.43703E-01    0.27488E+04
    0.44586E-01    0.26975E+04
    0.45486E-01    0.26489E+04
    0.46405E-01    0.26029E+04
    0.47343E-01    0.25594E+04
    0.48299E-01    0.25182E+04
    0.49275E-01    0.24791E+04
    0.50270E-01    0.24418E+04
    0.51286E-01    0.24062E+04
    0.52322E-01    0.23722E+04
    0.53379E-01    0.23395E+04
    0.54457E-01    0.23080E+04
    0.55557E-01    0.22774E+04
    0.56680E-01    0.22472E+04
    0.57825E-01    0.22173E+04
    0.58993E-01    0.21872E+04
    0.60184E-01    0.21567E+04
    0.61400E-01    0.21255E+04
    0.62641E-01    0.20934E+04
    0.63906E-01    0.20599E+04
    0.65197E-01    0.20245E+04
    0.66514E-01    0.19868E+04
    0.67858E-01    0.19471E+04
    0.69229E-01    0.19060E+04
    0.70627E-01    0.18639E+04
    0.72054E-01    0.18203E+04
    0.73510E-01    0.17739E+04
    0.74994E-01    0.17241E+04
    0.76509E-01    0.16716E+04
    0.78055E-01    0.16174E+04
    0.79632E-01    0.15625E+04
    0.81241E-01    0.15072E+04
    0.82882E-01    0.14518E+04
    0.84556E-01    0.13970E+04
    0.86264E-01    0.13432E+04
    0.88007E-01    0.12911E+04
    0.89785E-01    0.12412E+04
    0.91598E-01    0.11941E+04
    0.93449E-01    0.11502E+04
    0.95337E-01    0.11098E+04
    0.97263E-01    0.10732E+04
    0.99227E-01    0.10404E+04
    0.10123E+00    0.10114E+04
    0.10328E+00    0.98612E+03
    0.10536E+00    0.96403E+03
    0.10749E+00    0.94473E+03
    0.10966E+00    0.92766E+03
    0.11188E+00    0.91213E+03
    0.11414E+00    0.89749E+03
    0.11644E+00    0.88296E+03
    0.11880E+00    0.86782E+03
    0.12120E+00    0.85141E+03
    0.12365E+00    0.83314E+03
    0.12614E+00    0.81267E+03
    0.12869E+00    0.78980E+03
    0.13129E+00    0.76464E+03
    0.13394E+00    0.73747E+03
    0.13665E+00    0.70875E+03
    0.13941E+00    0.67908E+03
    0.14223E+00    0.64916E+03
    0.14510E+00    0.61974E+03
    0.14803E+00    0.59167E+03
    0.15102E+00    0.56571E+03
    0.15407E+00    0.54249E+03
    0.15718E+00    0.52234E+03
    0.16036E+00    0.50527E+03
    0.16360E+00    0.49097E+03
    0.16690E+00    0.47896E+03
    0.17028E+00    0.46859E+03
    0.17371E+00    0.45920E+03
    0.17722E+00    0.45006E+03
    0.18080E+00    0.44041E+03
    0.18446E+00    0.42956E+03
    0.18818E+00    0.41709E+03
    0.19198E+00    0.40292E+03
    0.19586E+00    0.38740E+03
    0.19982E+00    0.37111E+03
    0.20386E+00    0.35470E+03
    0.20797E+00    0.33885E+03
    0.21218E+00    0.32416E+03
    0.21646E+00    0.31113E+03
    0.22083E+00    0.29996E+03
    0.22530E+00    0.29058E+03
    0.22985E+00    0.28263E+03
    0.23449E+00    0.27554E+03
    0.23923E+00    0.26870E+03
    0.24406E+00    0.26152E+03
    0.24899E+00    0.25361E+03
    0.25402E+00    0.24487E+03
    0.25915E+00    0.23549E+03
    0.26439E+00    0.22586E+03
    0.26973E+00    0.21646E+03
    0.27518E+00    0.20772E+03
    0.28074E+00    0.19994E+03
    0.28641E+00    0.19318E+03
    0.29219E+00    0.18726E+03
    0.29810E+00    0.18181E+03
    0.30412E+00    0.17647E+03
    0.31026E+00    0.17093E+03
    0.31653E+00    0.16508E+03
    0.32292E+00    0.15897E+03
    0.32945E+00    0.15287E+03
    0.33610E+00    0.14706E+03
    0.34289E+00    0.14171E+03
    0.34982E+00    0.13687E+03
    0.35689E+00    0.13247E+03
    0.36409E+00    0.12830E+03
    0.37145E+00    0.12417E+03
    0.37895E+00    0.11997E+03
    0.38661E+00    0.11572E+03
    0.39442E+00    0.11155E+03
    0.40239E+00    0.10758E+03
    0.41052E+00    0.10388E+03
    0.41881E+00    0.10044E+03
    0.42727E+00    0.97172E+02
    0.43590E+00    0.93979E+02
    0.44471E+00    0.90817E+02
    0.45369E+00    0.87700E+02
    0.46286E+00    0.84690E+02
    0.47221E+00    0.81831E+02
    0.48174E+00    0.79125E+02
    0.49148E+00    0.76543E+02
    0.50141E+00    0.74034E+02
    0.51153E+00    0.71587E+02
    0.52187E+00    0.69208E+02
    0.53241E+00    0.66924E+02
    0.54317E+00    0.64740E+02
    0.55414E+00    0.62644E+02
    0.56533E+00    0.60618E+02
    0.57675E+00    0.58663E+02
    0.58840E+00    0.56777E+02
    0.60029E+00    0.54958E+02
    0.61242E+00    0.53207E+02
    0.62479E+00    0.51519E+02
    0.63741E+00    0.49892E+02
    0.65029E+00    0.48325E+02
    0.66342E+00    0.46814E+02
    0.67683E+00    0.45357E+02
    0.69050E+00    0.43952E+02
    0.70445E+00    0.42597E+02
    0.71868E+00    0.41291E+02
    0.73320E+00    0.40031E+02
    0.74801E+00    0.38815E+02
    0.76312E+00    0.37642E+02
    0.77854E+00    0.36511E+02
    0.79426E+00    0.35419E+02
    0.81031E+00    0.34365E+02
    0.82668E+00    0.33347E+02
    0.84338E+00    0.32365E+02
    0.86041E+00    0.31417E+02
    0.87780E+00    0.30501E+02
    0.89553E+00    0.29617E+02
    0.91362E+00    0.28762E+02
    0.93208E+00    0.27937E+02
    0.95091E+00    0.27140E+02
    0.97011E+00    0.26369E+02
    0.98971E+00    0.25625E+02
    0.10097E+01    0.24905E+02
    0.10301E+01    0.24208E+02
    0.10509E+01    0.23535E+02
    0.10721E+01    0.22883E+02
    0.10938E+01    0.22253E+02
    0.11159E+01    0.21642E+02
    0.11384E+01    0.21052E+02
    0.11614E+01    0.20480E+02
    0.11849E+01    0.19926E+02
    0.12088E+01    0.19389E+02
    0.12333E+01    0.18870E+02
    0.12582E+01    0.18366E+02
    0.12836E+01    0.17877E+02
    0.13095E+01    0.17404E+02
    0.13360E+01    0.16944E+02
    0.13630E+01    0.16499E+02
    0.13905E+01    0.16067E+02
    0.14186E+01    0.15647E+02
    0.14472E+01    0.15240E+02
    0.14765E+01    0.14845E+02
    0.15063E+01    0.14461E+02
    0.15367E+01    0.14088E+02
    0.15678E+01    0.13725E+02
    0.15994E+01    0.13373E+02
    0.16318E+01    0.13031E+02
    0.16647E+01    0.12698E+02
    0.16984E+01    0.12374E+02
    0.17327E+01    0.12059E+02
    0.17677E+01    0.11753E+02
    0.18034E+01    0.11455E+02
    0.18398E+01    0.11164E+02
    0.18770E+01    0.10881E+02
    0.19149E+01    0.10606E+02
    0.19536E+01    0.10337E+02
    0.19930E+01    0.10076E+02
    0.20333E+01    0.98206E+01
    0.20744E+01    0.95720E+01
    0.21163E+01    0.93297E+01
    0.21590E+01    0.90934E+01
    0.22026E+01    0.88632E+01
    0.22471E+01    0.86387E+01
    0.22925E+01    0.84200E+01
    0.23388E+01    0.82067E+01
    0.23861E+01    0.79989E+01
