    0.10000E-03    0.56633E+02
    0.10202E-03    0.57731E+02
    0.10408E-03    0.58849E+02
    0.10618E-03    0.59989E+02
    0.10833E-03    0.61152E+02
    0.11052E-03    0.62336E+02
    0.11275E-03    0.63544E+02
    0.11503E-03    0.64775E+02
    0.11735E-03    0.66030E+02
    0.11972E-03    0.67309E+02
    0.12214E-03    0.68613E+02
    0.12461E-03    0.69942E+02
    0.12712E-03    0.71297E+02
    0.12969E-03    0.72678E+02
    0.13231E-03    0.74086E+02
    0.13499E-03    0.75521E+02
    0.13771E-03    0.76984E+02
    0.14049E-03    0.78475E+02
    0.14333E-03    0.79995E+02
    0.14623E-03    0.81544E+02
    0.14918E-03    0.83123E+02
    0.15220E-03    0.84733E+02
    0.15527E-03    0.86374E+02
    0.15841E-03    0.88046E+02
    0.16161E-03    0.89751E+02
    0.16487E-03    0.91489E+02
    0.16820E-03    0.93260E+02
    0.17160E-03    0.95065E+02
    0.17507E-03    0.96906E+02
    0.17860E-03    0.98781E+02
    0.18221E-03    0.10069E+03
    0.18589E-03    0.10264E+03
    0.18965E-03    0.10463E+03
    0.19348E-03    0.10665E+03
    0.19739E-03    0.10872E+03
    0.20138E-03    0.11082E+03
    0.20544E-03    0.11297E+03
    0.20959E-03    0.11515E+03
    0.21383E-03    0.11738E+03
    0.21815E-03    0.11965E+03
    0.22255E-03    0.12196E+03
    0.22705E-03    0.12432E+03
    0.23164E-03    0.12673E+03
    0.23632E-03    0.12918E+03
    0.24109E-03    0.13167E+03
    0.24596E-03    0.13422E+03
    0.25093E-03    0.13681E+03
    0.25600E-03    0.13946E+03
    0.26117E-03    0.14215E+03
    0.26645E-03    0.14490E+03
    0.27183E-03    0.14770E+03
    0.27732E-03    0.15055E+03
    0.28292E-03    0.15346E+03
    0.28864E-03    0.15643E+03
    0.29447E-03    0.15945E+03
    0.30042E-03    0.16252E+03
    0.30649E-03    0.16566E+03
    0.31268E-03    0.16886E+03
    0.31899E-03    0.17212E+03
    0.32544E-03    0.17544E+03
    0.33201E-03    0.17882E+03
    0.33872E-03    0.18227E+03
    0.34556E-03    0.18579E+03
    0.35254E-03    0.18937E+03
    0.35966E-03    0.19302E+03
    0.36693E-03    0.19674E+03
    0.37434E-03    0.20053E+03
    0.38190E-03    0.20439E+03
    0.38962E-03    0.20832E+03
    0.39749E-03    0.21233E+03
    0.40552E-03    0.21642E+03
    0.41371E-03    0.22058E+03
    0.42207E-03    0.22483E+03
    0.43060E-03    0.22915E+03
    0.43929E-03    0.23355E+03
    0.44817E-03    0.23804E+03
    0.45722E-03    0.24261E+03
    0.46646E-03    0.24727E+03
    0.47588E-03    0.25202E+03
    0.48550E-03    0.25686E+03
    0.49530E-03    0.26178E+03
    0.50531E-03    0.26680E+03
    0.51552E-03    0.27191E+03
    0.52593E-03    0.27712E+03
    0.53656E-03    0.28243E+03
    0.54739E-03    0.28783E+03
    0.55845E-03    0.29334E+03
    0.56973E-03    0.29894E+03
    0.58124E-03    0.30466E+03
    0.59299E-03    0.31047E+03
    0.60496E-03    0.31640E+03
    0.61719E-03    0.32243E+03
    0.62965E-03    0.32858E+03
    0.64237E-03    0.33484E+03
    0.65535E-03    0.34122E+03
    0.66859E-03    0.34771E+03
    0.68210E-03    0.35432E+03
    0.69588E-03    0.36105E+03
    0.70993E-03    0.36790E+03
    0.72427E-03    0.37488E+03
    0.73891E-03    0.38199E+03
    0.75383E-03    0.38922E+03
    0.76906E-03    0.39659E+03
    0.78460E-03    0.40409E+03
    0.80045E-03    0.41172E+03
    0.81662E-03    0.41949E+03
    0.83311E-03    0.42740E+03
    0.84994E-03    0.43545E+03
    0.86711E-03    0.44364E+03
    0.88463E-03    0.45198E+03
    0.90250E-03    0.46046E+03
    0.92073E-03    0.46910E+03
    0.93933E-03    0.47789E+03
    0.95831E-03    0.48683E+03
    0.97767E-03    0.49593E+03
    0.99742E-03    0.50518E+03
    0.10176E-02    0.51460E+03
    0.10381E-02    0.52418E+03
    0.10591E-02    0.53392E+03
    0.10805E-02    0.54384E+03
    0.11023E-02    0.55392E+03
    0.11246E-02    0.56417E+03
    0.11473E-02    0.57460E+03
    0.11705E-02    0.58520E+03
    0.11941E-02    0.59598E+03
    0.12182E-02    0.60695E+03
    0.12429E-02    0.61809E+03
    0.12680E-02    0.62942E+03
    0.12936E-02    0.64094E+03
    0.13197E-02    0.65265E+03
    0.13464E-02    0.66455E+03
    0.13736E-02    0.67665E+03
    0.14013E-02    0.68894E+03
    0.14296E-02    0.70142E+03
    0.14585E-02    0.71411E+03
    0.14880E-02    0.72700E+03
    0.15180E-02    0.74010E+03
    0.15487E-02    0.75340E+03
    0.15800E-02    0.76692E+03
    0.16119E-02    0.78064E+03
    0.16445E-02    0.79457E+03
    0.16777E-02    0.80872E+03
    0.17116E-02    0.82309E+03
    0.17462E-02    0.83767E+03
    0.17814E-02    0.85248E+03
    0.18174E-02    0.86750E+03
    0.18541E-02    0.88275E+03
    0.18916E-02    0.89823E+03
    0.19298E-02    0.91393E+03
    0.19688E-02    0.92986E+03
    0.20086E-02    0.94601E+03
    0.20491E-02    0.96240E+03
    0.20905E-02    0.97902E+03
    0.21328E-02    0.99587E+03
    0.21758E-02    0.10130E+04
    0.22198E-02    0.10303E+04
    0.22646E-02    0.10478E+04
    0.23104E-02    0.10656E+04
    0.23571E-02    0.10836E+04
    0.24047E-02    0.11019E+04
    0.24533E-02    0.11204E+04
    0.25028E-02    0.11391E+04
    0.25534E-02    0.11581E+04
    0.26050E-02    0.11773E+04
    0.26576E-02    0.11967E+04
    0.27113E-02    0.12164E+04
    0.27660E-02    0.12363E+04
    0.28219E-02    0.12565E+04
    0.28789E-02    0.12768E+04
    0.29371E-02    0.12974E+04
    0.29964E-02    0.13183E+04
    0.30569E-02    0.13393E+04
    0.31187E-02    0.13606E+04
    0.31817E-02    0.13821E+04
    0.32460E-02    0.14039E+04
    0.33115E-02    0.14258E+04
    0.33784E-02    0.14480E+04
    0.34467E-02    0.14704E+04
    0.35163E-02    0.14930E+04
    0.35874E-02    0.15158E+04
    0.36598E-02    0.15388E+04
    0.37338E-02    0.15620E+04
    0.38092E-02    0.15854E+04
    0.38861E-02    0.16089E+04
    0.39646E-02    0.16327E+04
    0.40447E-02    0.16566E+04
    0.41264E-02    0.16808E+04
    0.42098E-02    0.17051E+04
    0.42948E-02    0.17295E+04
    0.43816E-02    0.17541E+04
    0.44701E-02    0.17789E+04
    0.45604E-02    0.18037E+04
    0.46525E-02    0.18287E+04
    0.47465E-02    0.18537E+04
    0.48424E-02    0.18788E+04
    0.49402E-02    0.19041E+04
    0.50400E-02    0.19294E+04
    0.51419E-02    0.19548E+04
    0.52457E-02    0.19804E+04
    0.53517E-02    0.20060E+04
    0.54598E-02    0.20317E+04
    0.55701E-02    0.20575E+04
    0.56826E-02    0.20832E+04
    0.57974E-02    0.21090E+04
    0.59145E-02    0.21348E+04
    0.60340E-02    0.21606E+04
    0.61559E-02    0.21863E+04
    0.62803E-02    0.22120E+04
    0.64072E-02    0.22376E+04
    0.65366E-02    0.22631E+04
    0.66686E-02    0.22886E+04
    0.68033E-02    0.23140E+04
    0.69408E-02    0.23392E+04
    0.70810E-02    0.23643E+04
    0.72240E-02    0.23892E+04
    0.73700E-02    0.24139E+04
    0.75189E-02    0.24385E+04
    0.76708E-02    0.24628E+04
    0.78257E-02    0.24868E+04
    0.79838E-02    0.25107E+04
    0.81451E-02    0.25342E+04
    0.83096E-02    0.25574E+04
    0.84775E-02    0.25802E+04
    0.86488E-02    0.26028E+04
    0.88235E-02    0.26249E+04
    0.90017E-02    0.26466E+04
    0.91836E-02    0.26679E+04
    0.93691E-02    0.26887E+04
    0.95583E-02    0.27090E+04
    0.97514E-02    0.27288E+04
    0.99484E-02    0.27481E+04
    0.10149E-01    0.27668E+04
    0.10354E-01    0.27849E+04
    0.10564E-01    0.28024E+04
    0.10777E-01    0.28192E+04
    0.10995E-01    0.28353E+04
    0.11217E-01    0.28506E+04
    0.11443E-01    0.28652E+04
    0.11675E-01    0.28790E+04
    0.11910E-01    0.28920E+04
    0.12151E-01    0.29042E+04
    0.12397E-01    0.29155E+04
    0.12647E-01    0.29259E+04
    0.12902E-01    0.29354E+04
    0.13163E-01    0.29439E+04
    0.13429E-01    0.29513E+04
    0.13700E-01    0.29575E+04
    0.13977E-01    0.29624E+04
    0.14259E-01    0.29661E+04
    0.14547E-01    0.29688E+04
    0.14841E-01    0.29707E+04
    0.15141E-01    0.29720E+04
    0.15447E-01    0.29728E+04
    0.15759E-01    0.29729E+04
    0.16077E-01    0.29720E+04
    0.16402E-01    0.29697E+04
    0.16734E-01    0.29656E+04
    0.17072E-01    0.29595E+04
    0.17416E-01    0.29515E+04
    0.17768E-01    0.29417E+04
    0.18127E-01    0.29305E+04
    0.18493E-01    0.29179E+04
    0.18867E-01    0.29042E+04
    0.19248E-01    0.28892E+04
    0.19637E-01    0.28728E+04
    0.20034E-01    0.28547E+04
    0.20438E-01    0.28346E+04
    0.20851E-01    0.28126E+04
    0.21272E-01    0.27887E+04
    0.21702E-01    0.27632E+04
    0.22141E-01    0.27363E+04
    0.22588E-01    0.27084E+04
    0.23044E-01    0.26795E+04
    0.23510E-01    0.26498E+04
    0.23985E-01    0.26192E+04
    0.24469E-01    0.25878E+04
    0.24964E-01    0.25554E+04
    0.25468E-01    0.25222E+04
    0.25982E-01    0.24880E+04
    0.26507E-01    0.24529E+04
    0.27043E-01    0.24169E+04
    0.27589E-01    0.23798E+04
    0.28146E-01    0.23417E+04
    0.28715E-01    0.23028E+04
    0.29295E-01    0.22631E+04
    0.29887E-01    0.22228E+04
    0.30490E-01    0.21821E+04
    0.31106E-01    0.21410E+04
    0.31735E-01    0.20997E+04
    0.32376E-01    0.20583E+04
    0.33030E-01    0.20172E+04
    0.33697E-01    0.19763E+04
    0.34378E-01    0.19358E+04
    0.35072E-01    0.18958E+04
    0.35781E-01    0.18564E+04
    0.36504E-01    0.18176E+04
    0.37241E-01    0.17796E+04
    0.37993E-01    0.17424E+04
    0.38761E-01    0.17061E+04
    0.39544E-01    0.16707E+04
    0.40343E-01    0.16363E+04
    0.41158E-01    0.16029E+04
    0.41989E-01    0.15706E+04
    0.42838E-01    0.15396E+04
    0.43703E-01    0.15098E+04
    0.44586E-01    0.14815E+04
    0.45486E-01    0.14547E+04
    0.46405E-01    0.14293E+04
    0.47343E-01    0.14053E+04
    0.48299E-01    0.13826E+04
    0.49275E-01    0.13610E+04
    0.50270E-01    0.13404E+04
    0.51286E-01    0.13207E+04
    0.52322E-01    0.13019E+04
    0.53379E-01    0.12839E+04
    0.54457E-01    0.12665E+04
    0.55557E-01    0.12496E+04
    0.56680E-01    0.12330E+04
    0.57825E-01    0.12164E+04
    0.58993E-01    0.11998E+04
    0.60184E-01    0.11830E+04
    0.61400E-01    0.11658E+04
    0.62641E-01    0.11481E+04
    0.63906E-01    0.11295E+04
    0.65197E-01    0.11100E+04
    0.66514E-01    0.10892E+04
    0.67858E-01    0.10673E+04
    0.69229E-01    0.10446E+04
    0.70627E-01    0.10213E+04
    0.72054E-01    0.99718E+03
    0.73510E-01    0.97155E+03
    0.74994E-01    0.94403E+03
    0.76509E-01    0.91498E+03
    0.78055E-01    0.88504E+03
    0.79632E-01    0.85466E+03
    0.81241E-01    0.82407E+03
    0.82882E-01    0.79346E+03
    0.84556E-01    0.76309E+03
    0.86264E-01    0.73333E+03
    0.88007E-01    0.70449E+03
    0.89785E-01    0.67690E+03
    0.91598E-01    0.65083E+03
    0.93449E-01    0.62651E+03
    0.95337E-01    0.60414E+03
    0.97263E-01    0.58387E+03
    0.99227E-01    0.56575E+03
    0.10123E+00    0.54972E+03
    0.10328E+00    0.53572E+03
    0.10536E+00    0.52351E+03
    0.10749E+00    0.51286E+03
    0.10966E+00    0.50345E+03
    0.11188E+00    0.49490E+03
    0.11414E+00    0.48684E+03
    0.11644E+00    0.47885E+03
    0.11880E+00    0.47052E+03
    0.12120E+00    0.46148E+03
    0.12365E+00    0.45142E+03
    0.12614E+00    0.44012E+03
    0.12869E+00    0.42749E+03
    0.13129E+00    0.41359E+03
    0.13394E+00    0.39855E+03
    0.13665E+00    0.38265E+03
    0.13941E+00    0.36622E+03
    0.14223E+00    0.34964E+03
    0.14510E+00    0.33334E+03
    0.14803E+00    0.31778E+03
    0.15102E+00    0.30340E+03
    0.15407E+00    0.29054E+03
    0.15718E+00    0.27940E+03
    0.16036E+00    0.26997E+03
    0.16360E+00    0.26210E+03
    0.16690E+00    0.25550E+03
    0.17028E+00    0.24982E+03
    0.17371E+00    0.24469E+03
    0.17722E+00    0.23970E+03
    0.18080E+00    0.23442E+03
    0.18446E+00    0.22848E+03
    0.18818E+00    0.22162E+03
    0.19198E+00    0.21381E+03
    0.19586E+00    0.20523E+03
    0.19982E+00    0.19622E+03
    0.20386E+00    0.18714E+03
    0.20797E+00    0.17837E+03
    0.21218E+00    0.17025E+03
    0.21646E+00    0.16305E+03
    0.22083E+00    0.15690E+03
    0.22530E+00    0.15176E+03
    0.22985E+00    0.14741E+03
    0.23449E+00    0.14356E+03
    0.23923E+00    0.13984E+03
    0.24406E+00    0.13593E+03
    0.24899E+00    0.13160E+03
    0.25402E+00    0.12681E+03
    0.25915E+00    0.12164E+03
    0.26439E+00    0.11634E+03
    0.26973E+00    0.11117E+03
    0.27518E+00    0.10636E+03
    0.28074E+00    0.10209E+03
    0.28641E+00    0.98399E+02
    0.29219E+00    0.95179E+02
    0.29810E+00    0.92228E+02
    0.30412E+00    0.89332E+02
    0.31026E+00    0.86327E+02
    0.31653E+00    0.83137E+02
    0.32292E+00    0.79802E+02
    0.32945E+00    0.76468E+02
    0.33610E+00    0.73294E+02
    0.34289E+00    0.70383E+02
    0.34982E+00    0.67762E+02
    0.35689E+00    0.65387E+02
    0.36409E+00    0.63142E+02
    0.37145E+00    0.60913E+02
    0.37895E+00    0.58646E+02
    0.38661E+00    0.56352E+02
    0.39442E+00    0.54095E+02
    0.40239E+00    0.51954E+02
    0.41052E+00    0.49966E+02
    0.41881E+00    0.48123E+02
    0.42727E+00    0.46377E+02
    0.43590E+00    0.44672E+02
    0.44471E+00    0.42983E+02
    0.45369E+00    0.41319E+02
    0.46286E+00    0.39713E+02
    0.47221E+00    0.38194E+02
    0.48174E+00    0.36760E+02
    0.49148E+00    0.35395E+02
    0.50141E+00    0.34072E+02
    0.51153E+00    0.32782E+02
    0.52187E+00    0.31529E+02
    0.53241E+00    0.30330E+02
    0.54317E+00    0.29187E+02
    0.55414E+00    0.28093E+02
    0.56533E+00    0.27039E+02
    0.57675E+00    0.26023E+02
    0.58840E+00    0.25046E+02
    0.60029E+00    0.24106E+02
    0.61242E+00    0.23204E+02
    0.62479E+00    0.22338E+02
    0.63741E+00    0.21505E+02
    0.65029E+00    0.20706E+02
    0.66342E+00    0.19937E+02
    0.67683E+00    0.19199E+02
    0.69050E+00    0.18490E+02
    0.70445E+00    0.17809E+02
    0.71868E+00    0.17154E+02
    0.73320E+00    0.16525E+02
    0.74801E+00    0.15921E+02
    0.76312E+00    0.15341E+02
    0.77854E+00    0.14783E+02
    0.79426E+00    0.14247E+02
    0.81031E+00    0.13732E+02
    0.82668E+00    0.13238E+02
    0.84338E+00    0.12762E+02
    0.86041E+00    0.12306E+02
    0.87780E+00    0.11867E+02
    0.89553E+00    0.11446E+02
    0.91362E+00    0.11041E+02
    0.93208E+00    0.10652E+02
    0.95091E+00    0.10279E+02
    0.97011E+00    0.99196E+01
    0.98971E+00    0.95745E+01
    0.10097E+01    0.92430E+01
    0.10301E+01    0.89243E+01
    0.10509E+01    0.86180E+01
    0.10721E+01    0.83236E+01
    0.10938E+01    0.80405E+01
    0.11159E+01    0.77685E+01
    0.11384E+01    0.75069E+01
    0.11614E+01    0.72553E+01
    0.11849E+01    0.70134E+01
    0.12088E+01    0.67808E+01
    0.12333E+01    0.65570E+01
    0.12582E+01    0.63418E+01
    0.12836E+01    0.61347E+01
    0.13095E+01    0.59355E+01
    0.13360E+01    0.57438E+01
    0.13630E+01    0.55593E+01
    0.13905E+01    0.53818E+01
    0.14186E+01    0.52108E+01
    0.14472E+01    0.50462E+01
    0.14765E+01    0.48876E+01
    0.15063E+01    0.47349E+01
    0.15367E+01    0.45877E+01
    0.15678E+01    0.44459E+01
    0.15994E+01    0.43093E+01
    0.16318E+01    0.41775E+01
    0.16647E+01    0.40504E+01
    0.16984E+01    0.39279E+01
    0.17327E+01    0.38098E+01
    0.17677E+01    0.36959E+01
    0.18034E+01    0.35860E+01
    0.18398E+01    0.34800E+01
    0.18770E+01    0.33778E+01
    0.19149E+01    0.32792E+01
    0.19536E+01    0.31841E+01
    0.19930E+01    0.30923E+01
    0.20333E+01    0.30037E+01
    0.20744E+01    0.29181E+01
    0.21163E+01    0.28354E+01
    0.21590E+01    0.27554E+01
    0.22026E+01    0.26779E+01
    0.22471E+01    0.26029E+01
    0.22925E+01    0.25301E+01
    0.23388E+01    0.24594E+01
    0.23861E+01    0.23908E+01
