    0.10000E-03    0.49329E+02
    0.10202E-03    0.50284E+02
    0.10408E-03    0.51259E+02
    0.10618E-03    0.52252E+02
    0.10833E-03    0.53264E+02
    0.11052E-03    0.54296E+02
    0.11275E-03    0.55348E+02
    0.11503E-03    0.56421E+02
    0.11735E-03    0.57514E+02
    0.11972E-03    0.58628E+02
    0.12214E-03    0.59764E+02
    0.12461E-03    0.60921E+02
    0.12712E-03    0.62102E+02
    0.12969E-03    0.63305E+02
    0.13231E-03    0.64531E+02
    0.13499E-03    0.65781E+02
    0.13771E-03    0.67055E+02
    0.14049E-03    0.68354E+02
    0.14333E-03    0.69677E+02
    0.14623E-03    0.71027E+02
    0.14918E-03    0.72402E+02
    0.15220E-03    0.73804E+02
    0.15527E-03    0.75234E+02
    0.15841E-03    0.76690E+02
    0.16161E-03    0.78175E+02
    0.16487E-03    0.79689E+02
    0.16820E-03    0.81232E+02
    0.17160E-03    0.82805E+02
    0.17507E-03    0.84408E+02
    0.17860E-03    0.86041E+02
    0.18221E-03    0.87707E+02
    0.18589E-03    0.89405E+02
    0.18965E-03    0.91135E+02
    0.19348E-03    0.92899E+02
    0.19739E-03    0.94696E+02
    0.20138E-03    0.96529E+02
    0.20544E-03    0.98397E+02
    0.20959E-03    0.10030E+03
    0.21383E-03    0.10224E+03
    0.21815E-03    0.10422E+03
    0.22255E-03    0.10623E+03
    0.22705E-03    0.10829E+03
    0.23164E-03    0.11038E+03
    0.23632E-03    0.11252E+03
    0.24109E-03    0.11469E+03
    0.24596E-03    0.11691E+03
    0.25093E-03    0.11917E+03
    0.25600E-03    0.12147E+03
    0.26117E-03    0.12382E+03
    0.26645E-03    0.12621E+03
    0.27183E-03    0.12865E+03
    0.27732E-03    0.13114E+03
    0.28292E-03    0.13367E+03
    0.28864E-03    0.13625E+03
    0.29447E-03    0.13889E+03
    0.30042E-03    0.14157E+03
    0.30649E-03    0.14430E+03
    0.31268E-03    0.14709E+03
    0.31899E-03    0.14992E+03
    0.32544E-03    0.15282E+03
    0.33201E-03    0.15576E+03
    0.33872E-03    0.15877E+03
    0.34556E-03    0.16183E+03
    0.35254E-03    0.16495E+03
    0.35966E-03    0.16813E+03
    0.36693E-03    0.17137E+03
    0.37434E-03    0.17467E+03
    0.38190E-03    0.17804E+03
    0.38962E-03    0.18147E+03
    0.39749E-03    0.18496E+03
    0.40552E-03    0.18852E+03
    0.41371E-03    0.19215E+03
    0.42207E-03    0.19584E+03
    0.43060E-03    0.19961E+03
    0.43929E-03    0.20345E+03
    0.44817E-03    0.20736E+03
    0.45722E-03    0.21134E+03
    0.46646E-03    0.21540E+03
    0.47588E-03    0.21953E+03
    0.48550E-03    0.22375E+03
    0.49530E-03    0.22804E+03
    0.50531E-03    0.23241E+03
    0.51552E-03    0.23686E+03
    0.52593E-03    0.24140E+03
    0.53656E-03    0.24602E+03
    0.54739E-03    0.25073E+03
    0.55845E-03    0.25553E+03
    0.56973E-03    0.26042E+03
    0.58124E-03    0.26539E+03
    0.59299E-03    0.27046E+03
    0.60496E-03    0.27563E+03
    0.61719E-03    0.28088E+03
    0.62965E-03    0.28624E+03
    0.64237E-03    0.29169E+03
    0.65535E-03    0.29725E+03
    0.66859E-03    0.30291E+03
    0.68210E-03    0.30867E+03
    0.69588E-03    0.31453E+03
    0.70993E-03    0.32050E+03
    0.72427E-03    0.32659E+03
    0.73891E-03    0.33278E+03
    0.75383E-03    0.33908E+03
    0.76906E-03    0.34550E+03
    0.78460E-03    0.35203E+03
    0.80045E-03    0.35869E+03
    0.81662E-03    0.36546E+03
    0.83311E-03    0.37235E+03
    0.84994E-03    0.37936E+03
    0.86711E-03    0.38650E+03
    0.88463E-03    0.39377E+03
    0.90250E-03    0.40117E+03
    0.92073E-03    0.40869E+03
    0.93933E-03    0.41635E+03
    0.95831E-03    0.42414E+03
    0.97767E-03    0.43207E+03
    0.99742E-03    0.44014E+03
    0.10176E-02    0.44835E+03
    0.10381E-02    0.45670E+03
    0.10591E-02    0.46519E+03
    0.10805E-02    0.47383E+03
    0.11023E-02    0.48262E+03
    0.11246E-02    0.49155E+03
    0.11473E-02    0.50064E+03
    0.11705E-02    0.50988E+03
    0.11941E-02    0.51928E+03
    0.12182E-02    0.52884E+03
    0.12429E-02    0.53855E+03
    0.12680E-02    0.54843E+03
    0.12936E-02    0.55847E+03
    0.13197E-02    0.56867E+03
    0.13464E-02    0.57904E+03
    0.13736E-02    0.58958E+03
    0.14013E-02    0.60029E+03
    0.14296E-02    0.61118E+03
    0.14585E-02    0.62224E+03
    0.14880E-02    0.63347E+03
    0.15180E-02    0.64489E+03
    0.15487E-02    0.65648E+03
    0.15800E-02    0.66826E+03
    0.16119E-02    0.68022E+03
    0.16445E-02    0.69236E+03
    0.16777E-02    0.70469E+03
    0.17116E-02    0.71721E+03
    0.17462E-02    0.72993E+03
    0.17814E-02    0.74283E+03
    0.18174E-02    0.75592E+03
    0.18541E-02    0.76921E+03
    0.18916E-02    0.78270E+03
    0.19298E-02    0.79638E+03
    0.19688E-02    0.81026E+03
    0.20086E-02    0.82434E+03
    0.20491E-02    0.83863E+03
    0.20905E-02    0.85311E+03
    0.21328E-02    0.86779E+03
    0.21758E-02    0.88268E+03
    0.22198E-02    0.89778E+03
    0.22646E-02    0.91307E+03
    0.23104E-02    0.92857E+03
    0.23571E-02    0.94428E+03
    0.24047E-02    0.96020E+03
    0.24533E-02    0.97631E+03
    0.25028E-02    0.99264E+03
    0.25534E-02    0.10092E+04
    0.26050E-02    0.10259E+04
    0.26576E-02    0.10428E+04
    0.27113E-02    0.10600E+04
    0.27660E-02    0.10773E+04
    0.28219E-02    0.10949E+04
    0.28789E-02    0.11127E+04
    0.29371E-02    0.11306E+04
    0.29964E-02    0.11488E+04
    0.30569E-02    0.11671E+04
    0.31187E-02    0.11857E+04
    0.31817E-02    0.12044E+04
    0.32460E-02    0.12234E+04
    0.33115E-02    0.12425E+04
    0.33784E-02    0.12618E+04
    0.34467E-02    0.12813E+04
    0.35163E-02    0.13010E+04
    0.35874E-02    0.13209E+04
    0.36598E-02    0.13409E+04
    0.37338E-02    0.13611E+04
    0.38092E-02    0.13815E+04
    0.38861E-02    0.14021E+04
    0.39646E-02    0.14228E+04
    0.40447E-02    0.14436E+04
    0.41264E-02    0.14647E+04
    0.42098E-02    0.14858E+04
    0.42948E-02    0.15071E+04
    0.43816E-02    0.15286E+04
    0.44701E-02    0.15502E+04
    0.45604E-02    0.15718E+04
    0.46525E-02    0.15936E+04
    0.47465E-02    0.16154E+04
    0.48424E-02    0.16373E+04
    0.49402E-02    0.16593E+04
    0.50400E-02    0.16814E+04
    0.51419E-02    0.17036E+04
    0.52457E-02    0.17259E+04
    0.53517E-02    0.17482E+04
    0.54598E-02    0.17706E+04
    0.55701E-02    0.17930E+04
    0.56826E-02    0.18155E+04
    0.57974E-02    0.18380E+04
    0.59145E-02    0.18604E+04
    0.60340E-02    0.18829E+04
    0.61559E-02    0.19053E+04
    0.62803E-02    0.19277E+04
    0.64072E-02    0.19500E+04
    0.65366E-02    0.19723E+04
    0.66686E-02    0.19945E+04
    0.68033E-02    0.20166E+04
    0.69408E-02    0.20386E+04
    0.70810E-02    0.20604E+04
    0.72240E-02    0.20822E+04
    0.73700E-02    0.21037E+04
    0.75189E-02    0.21251E+04
    0.76708E-02    0.21463E+04
    0.78257E-02    0.21673E+04
    0.79838E-02    0.21880E+04
    0.81451E-02    0.22085E+04
    0.83096E-02    0.22288E+04
    0.84775E-02    0.22487E+04
    0.86488E-02    0.22683E+04
    0.88235E-02    0.22876E+04
    0.90017E-02    0.23065E+04
    0.91836E-02    0.23251E+04
    0.93691E-02    0.23432E+04
    0.95583E-02    0.23610E+04
    0.97514E-02    0.23782E+04
    0.99484E-02    0.23950E+04
    0.10149E-01    0.24113E+04
    0.10354E-01    0.24271E+04
    0.10564E-01    0.24423E+04
    0.10777E-01    0.24570E+04
    0.10995E-01    0.24710E+04
    0.11217E-01    0.24844E+04
    0.11443E-01    0.24971E+04
    0.11675E-01    0.25092E+04
    0.11910E-01    0.25205E+04
    0.12151E-01    0.25311E+04
    0.12397E-01    0.25409E+04
    0.12647E-01    0.25500E+04
    0.12902E-01    0.25583E+04
    0.13163E-01    0.25657E+04
    0.13429E-01    0.25722E+04
    0.13700E-01    0.25776E+04
    0.13977E-01    0.25818E+04
    0.14259E-01    0.25851E+04
    0.14547E-01    0.25875E+04
    0.14841E-01    0.25892E+04
    0.15141E-01    0.25903E+04
    0.15447E-01    0.25910E+04
    0.15759E-01    0.25911E+04
    0.16077E-01    0.25903E+04
    0.16402E-01    0.25882E+04
    0.16734E-01    0.25847E+04
    0.17072E-01    0.25794E+04
    0.17416E-01    0.25724E+04
    0.17768E-01    0.25639E+04
    0.18127E-01    0.25541E+04
    0.18493E-01    0.25432E+04
    0.18867E-01    0.25312E+04
    0.19248E-01    0.25182E+04
    0.19637E-01    0.25039E+04
    0.20034E-01    0.24881E+04
    0.20438E-01    0.24706E+04
    0.20851E-01    0.24514E+04
    0.21272E-01    0.24306E+04
    0.21702E-01    0.24084E+04
    0.22141E-01    0.23850E+04
    0.22588E-01    0.23606E+04
    0.23044E-01    0.23355E+04
    0.23510E-01    0.23096E+04
    0.23985E-01    0.22829E+04
    0.24469E-01    0.22555E+04
    0.24964E-01    0.22273E+04
    0.25468E-01    0.21984E+04
    0.25982E-01    0.21686E+04
    0.26507E-01    0.21380E+04
    0.27043E-01    0.21066E+04
    0.27589E-01    0.20742E+04
    0.28146E-01    0.20411E+04
    0.28715E-01    0.20071E+04
    0.29295E-01    0.19725E+04
    0.29887E-01    0.19374E+04
    0.30490E-01    0.19019E+04
    0.31106E-01    0.18661E+04
    0.31735E-01    0.18301E+04
    0.32376E-01    0.17941E+04
    0.33030E-01    0.17582E+04
    0.33697E-01    0.17225E+04
    0.34378E-01    0.16872E+04
    0.35072E-01    0.16524E+04
    0.35781E-01    0.16180E+04
    0.36504E-01    0.15842E+04
    0.37241E-01    0.15511E+04
    0.37993E-01    0.15187E+04
    0.38761E-01    0.14870E+04
    0.39544E-01    0.14561E+04
    0.40343E-01    0.14261E+04
    0.41158E-01    0.13970E+04
    0.41989E-01    0.13689E+04
    0.42838E-01    0.13418E+04
    0.43703E-01    0.13159E+04
    0.44586E-01    0.12912E+04
    0.45486E-01    0.12678E+04
    0.46405E-01    0.12457E+04
    0.47343E-01    0.12248E+04
    0.48299E-01    0.12049E+04
    0.49275E-01    0.11861E+04
    0.50270E-01    0.11681E+04
    0.51286E-01    0.11510E+04
    0.52322E-01    0.11346E+04
    0.53379E-01    0.11189E+04
    0.54457E-01    0.11037E+04
    0.55557E-01    0.10890E+04
    0.56680E-01    0.10745E+04
    0.57825E-01    0.10601E+04
    0.58993E-01    0.10456E+04
    0.60184E-01    0.10309E+04
    0.61400E-01    0.10159E+04
    0.62641E-01    0.10004E+04
    0.63906E-01    0.98428E+03
    0.65197E-01    0.96722E+03
    0.66514E-01    0.94907E+03
    0.67858E-01    0.92996E+03
    0.69229E-01    0.91016E+03
    0.70627E-01    0.88987E+03
    0.72054E-01    0.86882E+03
    0.73510E-01    0.84646E+03
    0.74994E-01    0.82245E+03
    0.76509E-01    0.79711E+03
    0.78055E-01    0.77098E+03
    0.79632E-01    0.74448E+03
    0.81241E-01    0.71779E+03
    0.82882E-01    0.69108E+03
    0.84556E-01    0.66459E+03
    0.86264E-01    0.63862E+03
    0.88007E-01    0.61345E+03
    0.89785E-01    0.58937E+03
    0.91598E-01    0.56662E+03
    0.93449E-01    0.54540E+03
    0.95337E-01    0.52587E+03
    0.97263E-01    0.50819E+03
    0.99227E-01    0.49237E+03
    0.10123E+00    0.47838E+03
    0.10328E+00    0.46616E+03
    0.10536E+00    0.45552E+03
    0.10749E+00    0.44622E+03
    0.10966E+00    0.43801E+03
    0.11188E+00    0.43055E+03
    0.11414E+00    0.42352E+03
    0.11644E+00    0.41655E+03
    0.11880E+00    0.40928E+03
    0.12120E+00    0.40140E+03
    0.12365E+00    0.39262E+03
    0.12614E+00    0.38276E+03
    0.12869E+00    0.37175E+03
    0.13129E+00    0.35961E+03
    0.13394E+00    0.34649E+03
    0.13665E+00    0.33261E+03
    0.13941E+00    0.31827E+03
    0.14223E+00    0.30379E+03
    0.14510E+00    0.28956E+03
    0.14803E+00    0.27599E+03
    0.15102E+00    0.26343E+03
    0.15407E+00    0.25221E+03
    0.15718E+00    0.24249E+03
    0.16036E+00    0.23427E+03
    0.16360E+00    0.22740E+03
    0.16690E+00    0.22164E+03
    0.17028E+00    0.21669E+03
    0.17371E+00    0.21222E+03
    0.17722E+00    0.20788E+03
    0.18080E+00    0.20328E+03
    0.18446E+00    0.19810E+03
    0.18818E+00    0.19212E+03
    0.19198E+00    0.18530E+03
    0.19586E+00    0.17782E+03
    0.19982E+00    0.16996E+03
    0.20386E+00    0.16203E+03
    0.20797E+00    0.15438E+03
    0.21218E+00    0.14729E+03
    0.21646E+00    0.14102E+03
    0.22083E+00    0.13566E+03
    0.22530E+00    0.13117E+03
    0.22985E+00    0.12739E+03
    0.23449E+00    0.12403E+03
    0.23923E+00    0.12079E+03
    0.24406E+00    0.11739E+03
    0.24899E+00    0.11362E+03
    0.25402E+00    0.10944E+03
    0.25915E+00    0.10494E+03
    0.26439E+00    0.10032E+03
    0.26973E+00    0.95809E+02
    0.27518E+00    0.91619E+02
    0.28074E+00    0.87900E+02
    0.28641E+00    0.84685E+02
    0.29219E+00    0.81882E+02
    0.29810E+00    0.79316E+02
    0.30412E+00    0.76798E+02
    0.31026E+00    0.74184E+02
    0.31653E+00    0.71407E+02
    0.32292E+00    0.68504E+02
    0.32945E+00    0.65601E+02
    0.33610E+00    0.62838E+02
    0.34289E+00    0.60305E+02
    0.34982E+00    0.58026E+02
    0.35689E+00    0.55962E+02
    0.36409E+00    0.54012E+02
    0.37145E+00    0.52076E+02
    0.37895E+00    0.50106E+02
    0.38661E+00    0.48112E+02
    0.39442E+00    0.46151E+02
    0.40239E+00    0.44290E+02
    0.41052E+00    0.42564E+02
    0.41881E+00    0.40964E+02
    0.42727E+00    0.39450E+02
    0.43590E+00    0.37971E+02
    0.44471E+00    0.36507E+02
    0.45369E+00    0.35063E+02
    0.46286E+00    0.33670E+02
    0.47221E+00    0.32353E+02
    0.48174E+00    0.31111E+02
    0.49148E+00    0.29929E+02
    0.50141E+00    0.28784E+02
    0.51153E+00    0.27667E+02
    0.52187E+00    0.26583E+02
    0.53241E+00    0.25546E+02
    0.54317E+00    0.24558E+02
    0.55414E+00    0.23613E+02
    0.56533E+00    0.22702E+02
    0.57675E+00    0.21825E+02
    0.58840E+00    0.20981E+02
    0.60029E+00    0.20171E+02
    0.61242E+00    0.19393E+02
    0.62479E+00    0.18647E+02
    0.63741E+00    0.17930E+02
    0.65029E+00    0.17241E+02
    0.66342E+00    0.16580E+02
    0.67683E+00    0.15946E+02
    0.69050E+00    0.15336E+02
    0.70445E+00    0.14751E+02
    0.71868E+00    0.14189E+02
    0.73320E+00    0.13650E+02
    0.74801E+00    0.13132E+02
    0.76312E+00    0.12635E+02
    0.77854E+00    0.12157E+02
    0.79426E+00    0.11699E+02
    0.81031E+00    0.11259E+02
    0.82668E+00    0.10837E+02
    0.84338E+00    0.10431E+02
    0.86041E+00    0.10042E+02
    0.87780E+00    0.96686E+01
    0.89553E+00    0.93100E+01
    0.91362E+00    0.89659E+01
    0.93208E+00    0.86356E+01
    0.95091E+00    0.83186E+01
    0.97011E+00    0.80142E+01
    0.98971E+00    0.77221E+01
    0.10097E+01    0.74416E+01
    0.10301E+01    0.71723E+01
    0.10509E+01    0.69139E+01
    0.10721E+01    0.66657E+01
    0.10938E+01    0.64274E+01
    0.11159E+01    0.61986E+01
    0.11384E+01    0.59789E+01
    0.11614E+01    0.57679E+01
    0.11849E+01    0.55653E+01
    0.12088E+01    0.53707E+01
    0.12333E+01    0.51838E+01
    0.12582E+01    0.50043E+01
    0.12836E+01    0.48318E+01
    0.13095E+01    0.46661E+01
    0.13360E+01    0.45069E+01
    0.13630E+01    0.43540E+01
    0.13905E+01    0.42070E+01
    0.14186E+01    0.40657E+01
    0.14472E+01    0.39299E+01
    0.14765E+01    0.37993E+01
    0.15063E+01    0.36737E+01
    0.15367E+01    0.35529E+01
    0.15678E+01    0.34367E+01
    0.15994E+01    0.33249E+01
    0.16318E+01    0.32174E+01
    0.16647E+01    0.31138E+01
    0.16984E+01    0.30142E+01
    0.17327E+01    0.29183E+01
    0.17677E+01    0.28260E+01
    0.18034E+01    0.27371E+01
    0.18398E+01    0.26516E+01
    0.18770E+01    0.25693E+01
    0.19149E+01    0.24901E+01
    0.19536E+01    0.24139E+01
    0.19930E+01    0.23405E+01
    0.20333E+01    0.22699E+01
    0.20744E+01    0.22018E+01
    0.21163E+01    0.21361E+01
    0.21590E+01    0.20727E+01
    0.22026E+01    0.20114E+01
    0.22471E+01    0.19521E+01
    0.22925E+01    0.18947E+01
    0.23388E+01    0.18392E+01
    0.23861E+01    0.17853E+01
