    0.10000E-03    0.43157E+02
    0.10202E-03    0.43993E+02
    0.10408E-03    0.44845E+02
    0.10618E-03    0.45714E+02
    0.10833E-03    0.46600E+02
    0.11052E-03    0.47503E+02
    0.11275E-03    0.48423E+02
    0.11503E-03    0.49361E+02
    0.11735E-03    0.50318E+02
    0.11972E-03    0.51293E+02
    0.12214E-03    0.52286E+02
    0.12461E-03    0.53299E+02
    0.12712E-03    0.54332E+02
    0.12969E-03    0.55384E+02
    0.13231E-03    0.56457E+02
    0.13499E-03    0.57551E+02
    0.13771E-03    0.58665E+02
    0.14049E-03    0.59802E+02
    0.14333E-03    0.60960E+02
    0.14623E-03    0.62140E+02
    0.14918E-03    0.63344E+02
    0.15220E-03    0.64571E+02
    0.15527E-03    0.65821E+02
    0.15841E-03    0.67096E+02
    0.16161E-03    0.68395E+02
    0.16487E-03    0.69719E+02
    0.16820E-03    0.71069E+02
    0.17160E-03    0.72445E+02
    0.17507E-03    0.73847E+02
    0.17860E-03    0.75277E+02
    0.18221E-03    0.76734E+02
    0.18589E-03    0.78219E+02
    0.18965E-03    0.79733E+02
    0.19348E-03    0.81276E+02
    0.19739E-03    0.82849E+02
    0.20138E-03    0.84452E+02
    0.20544E-03    0.86087E+02
    0.20959E-03    0.87752E+02
    0.21383E-03    0.89450E+02
    0.21815E-03    0.91180E+02
    0.22255E-03    0.92944E+02
    0.22705E-03    0.94742E+02
    0.23164E-03    0.96574E+02
    0.23632E-03    0.98442E+02
    0.24109E-03    0.10035E+03
    0.24596E-03    0.10229E+03
    0.25093E-03    0.10426E+03
    0.25600E-03    0.10628E+03
    0.26117E-03    0.10833E+03
    0.26645E-03    0.11043E+03
    0.27183E-03    0.11256E+03
    0.27732E-03    0.11473E+03
    0.28292E-03    0.11695E+03
    0.28864E-03    0.11921E+03
    0.29447E-03    0.12151E+03
    0.30042E-03    0.12386E+03
    0.30649E-03    0.12625E+03
    0.31268E-03    0.12869E+03
    0.31899E-03    0.13117E+03
    0.32544E-03    0.13370E+03
    0.33201E-03    0.13628E+03
    0.33872E-03    0.13891E+03
    0.34556E-03    0.14159E+03
    0.35254E-03    0.14432E+03
    0.35966E-03    0.14710E+03
    0.36693E-03    0.14994E+03
    0.37434E-03    0.15283E+03
    0.38190E-03    0.15577E+03
    0.38962E-03    0.15877E+03
    0.39749E-03    0.16183E+03
    0.40552E-03    0.16494E+03
    0.41371E-03    0.16812E+03
    0.42207E-03    0.17135E+03
    0.43060E-03    0.17465E+03
    0.43929E-03    0.17800E+03
    0.44817E-03    0.18142E+03
    0.45722E-03    0.18491E+03
    0.46646E-03    0.18846E+03
    0.47588E-03    0.19208E+03
    0.48550E-03    0.19577E+03
    0.49530E-03    0.19952E+03
    0.50531E-03    0.20335E+03
    0.51552E-03    0.20725E+03
    0.52593E-03    0.21122E+03
    0.53656E-03    0.21526E+03
    0.54739E-03    0.21938E+03
    0.55845E-03    0.22358E+03
    0.56973E-03    0.22786E+03
    0.58124E-03    0.23221E+03
    0.59299E-03    0.23665E+03
    0.60496E-03    0.24117E+03
    0.61719E-03    0.24577E+03
    0.62965E-03    0.25046E+03
    0.64237E-03    0.25523E+03
    0.65535E-03    0.26009E+03
    0.66859E-03    0.26505E+03
    0.68210E-03    0.27009E+03
    0.69588E-03    0.27522E+03
    0.70993E-03    0.28045E+03
    0.72427E-03    0.28577E+03
    0.73891E-03    0.29119E+03
    0.75383E-03    0.29671E+03
    0.76906E-03    0.30233E+03
    0.78460E-03    0.30805E+03
    0.80045E-03    0.31387E+03
    0.81662E-03    0.31980E+03
    0.83311E-03    0.32583E+03
    0.84994E-03    0.33197E+03
    0.86711E-03    0.33822E+03
    0.88463E-03    0.34458E+03
    0.90250E-03    0.35105E+03
    0.92073E-03    0.35764E+03
    0.93933E-03    0.36435E+03
    0.95831E-03    0.37117E+03
    0.97767E-03    0.37811E+03
    0.99742E-03    0.38517E+03
    0.10176E-02    0.39236E+03
    0.10381E-02    0.39967E+03
    0.10591E-02    0.40710E+03
    0.10805E-02    0.41466E+03
    0.11023E-02    0.42236E+03
    0.11246E-02    0.43018E+03
    0.11473E-02    0.43814E+03
    0.11705E-02    0.44623E+03
    0.11941E-02    0.45445E+03
    0.12182E-02    0.46282E+03
    0.12429E-02    0.47132E+03
    0.12680E-02    0.47997E+03
    0.12936E-02    0.48876E+03
    0.13197E-02    0.49769E+03
    0.13464E-02    0.50677E+03
    0.13736E-02    0.51600E+03
    0.14013E-02    0.52538E+03
    0.14296E-02    0.53491E+03
    0.14585E-02    0.54459E+03
    0.14880E-02    0.55442E+03
    0.15180E-02    0.56442E+03
    0.15487E-02    0.57457E+03
    0.15800E-02    0.58488E+03
    0.16119E-02    0.59535E+03
    0.16445E-02    0.60598E+03
    0.16777E-02    0.61677E+03
    0.17116E-02    0.62773E+03
    0.17462E-02    0.63886E+03
    0.17814E-02    0.65016E+03
    0.18174E-02    0.66162E+03
    0.18541E-02    0.67325E+03
    0.18916E-02    0.68506E+03
    0.19298E-02    0.69704E+03
    0.19688E-02    0.70919E+03
    0.20086E-02    0.72152E+03
    0.20491E-02    0.73402E+03
    0.20905E-02    0.74670E+03
    0.21328E-02    0.75955E+03
    0.21758E-02    0.77258E+03
    0.22198E-02    0.78580E+03
    0.22646E-02    0.79919E+03
    0.23104E-02    0.81276E+03
    0.23571E-02    0.82651E+03
    0.24047E-02    0.84044E+03
    0.24533E-02    0.85455E+03
    0.25028E-02    0.86884E+03
    0.25534E-02    0.88331E+03
    0.26050E-02    0.89796E+03
    0.26576E-02    0.91279E+03
    0.27113E-02    0.92780E+03
    0.27660E-02    0.94299E+03
    0.28219E-02    0.95835E+03
    0.28789E-02    0.97389E+03
    0.29371E-02    0.98961E+03
    0.29964E-02    0.10055E+04
    0.30569E-02    0.10216E+04
    0.31187E-02    0.10378E+04
    0.31817E-02    0.10542E+04
    0.32460E-02    0.10708E+04
    0.33115E-02    0.10876E+04
    0.33784E-02    0.11045E+04
    0.34467E-02    0.11215E+04
    0.35163E-02    0.11388E+04
    0.35874E-02    0.11562E+04
    0.36598E-02    0.11737E+04
    0.37338E-02    0.11914E+04
    0.38092E-02    0.12093E+04
    0.38861E-02    0.12272E+04
    0.39646E-02    0.12454E+04
    0.40447E-02    0.12636E+04
    0.41264E-02    0.12820E+04
    0.42098E-02    0.13006E+04
    0.42948E-02    0.13192E+04
    0.43816E-02    0.13380E+04
    0.44701E-02    0.13569E+04
    0.45604E-02    0.13758E+04
    0.46525E-02    0.13949E+04
    0.47465E-02    0.14140E+04
    0.48424E-02    0.14332E+04
    0.49402E-02    0.14525E+04
    0.50400E-02    0.14718E+04
    0.51419E-02    0.14912E+04
    0.52457E-02    0.15107E+04
    0.53517E-02    0.15303E+04
    0.54598E-02    0.15499E+04
    0.55701E-02    0.15695E+04
    0.56826E-02    0.15892E+04
    0.57974E-02    0.16089E+04
    0.59145E-02    0.16285E+04
    0.60340E-02    0.16482E+04
    0.61559E-02    0.16678E+04
    0.62803E-02    0.16874E+04
    0.64072E-02    0.17070E+04
    0.65366E-02    0.17265E+04
    0.66686E-02    0.17459E+04
    0.68033E-02    0.17652E+04
    0.69408E-02    0.17845E+04
    0.70810E-02    0.18036E+04
    0.72240E-02    0.18226E+04
    0.73700E-02    0.18415E+04
    0.75189E-02    0.18603E+04
    0.76708E-02    0.18788E+04
    0.78257E-02    0.18972E+04
    0.79838E-02    0.19153E+04
    0.81451E-02    0.19333E+04
    0.83096E-02    0.19510E+04
    0.84775E-02    0.19684E+04
    0.86488E-02    0.19856E+04
    0.88235E-02    0.20025E+04
    0.90017E-02    0.20191E+04
    0.91836E-02    0.20353E+04
    0.93691E-02    0.20512E+04
    0.95583E-02    0.20667E+04
    0.97514E-02    0.20819E+04
    0.99484E-02    0.20966E+04
    0.10149E-01    0.21108E+04
    0.10354E-01    0.21246E+04
    0.10564E-01    0.21380E+04
    0.10777E-01    0.21508E+04
    0.10995E-01    0.21631E+04
    0.11217E-01    0.21748E+04
    0.11443E-01    0.21860E+04
    0.11675E-01    0.21965E+04
    0.11910E-01    0.22064E+04
    0.12151E-01    0.22157E+04
    0.12397E-01    0.22243E+04
    0.12647E-01    0.22323E+04
    0.12902E-01    0.22396E+04
    0.13163E-01    0.22461E+04
    0.13429E-01    0.22517E+04
    0.13700E-01    0.22564E+04
    0.13977E-01    0.22602E+04
    0.14259E-01    0.22630E+04
    0.14547E-01    0.22651E+04
    0.14841E-01    0.22666E+04
    0.15141E-01    0.22676E+04
    0.15447E-01    0.22682E+04
    0.15759E-01    0.22683E+04
    0.16077E-01    0.22676E+04
    0.16402E-01    0.22658E+04
    0.16734E-01    0.22627E+04
    0.17072E-01    0.22581E+04
    0.17416E-01    0.22520E+04
    0.17768E-01    0.22446E+04
    0.18127E-01    0.22360E+04
    0.18493E-01    0.22264E+04
    0.18867E-01    0.22159E+04
    0.19248E-01    0.22045E+04
    0.19637E-01    0.21920E+04
    0.20034E-01    0.21782E+04
    0.20438E-01    0.21629E+04
    0.20851E-01    0.21461E+04
    0.21272E-01    0.21279E+04
    0.21702E-01    0.21084E+04
    0.22141E-01    0.20879E+04
    0.22588E-01    0.20666E+04
    0.23044E-01    0.20446E+04
    0.23510E-01    0.20220E+04
    0.23985E-01    0.19986E+04
    0.24469E-01    0.19746E+04
    0.24964E-01    0.19500E+04
    0.25468E-01    0.19246E+04
    0.25982E-01    0.18985E+04
    0.26507E-01    0.18718E+04
    0.27043E-01    0.18442E+04
    0.27589E-01    0.18159E+04
    0.28146E-01    0.17869E+04
    0.28715E-01    0.17572E+04
    0.29295E-01    0.17269E+04
    0.29887E-01    0.16962E+04
    0.30490E-01    0.16651E+04
    0.31106E-01    0.16337E+04
    0.31735E-01    0.16022E+04
    0.32376E-01    0.15707E+04
    0.33030E-01    0.15393E+04
    0.33697E-01    0.15081E+04
    0.34378E-01    0.14772E+04
    0.35072E-01    0.14466E+04
    0.35781E-01    0.14166E+04
    0.36504E-01    0.13870E+04
    0.37241E-01    0.13580E+04
    0.37993E-01    0.13296E+04
    0.38761E-01    0.13019E+04
    0.39544E-01    0.12748E+04
    0.40343E-01    0.12486E+04
    0.41158E-01    0.12231E+04
    0.41989E-01    0.11984E+04
    0.42838E-01    0.11747E+04
    0.43703E-01    0.11520E+04
    0.44586E-01    0.11304E+04
    0.45486E-01    0.11099E+04
    0.46405E-01    0.10906E+04
    0.47343E-01    0.10722E+04
    0.48299E-01    0.10549E+04
    0.49275E-01    0.10384E+04
    0.50270E-01    0.10227E+04
    0.51286E-01    0.10077E+04
    0.52322E-01    0.99331E+03
    0.53379E-01    0.97954E+03
    0.54457E-01    0.96626E+03
    0.55557E-01    0.95335E+03
    0.56680E-01    0.94064E+03
    0.57825E-01    0.92801E+03
    0.58993E-01    0.91532E+03
    0.60184E-01    0.90246E+03
    0.61400E-01    0.88932E+03
    0.62641E-01    0.87578E+03
    0.63906E-01    0.86164E+03
    0.65197E-01    0.84670E+03
    0.66514E-01    0.83081E+03
    0.67858E-01    0.81407E+03
    0.69229E-01    0.79672E+03
    0.70627E-01    0.77896E+03
    0.72054E-01    0.76051E+03
    0.73510E-01    0.74093E+03
    0.74994E-01    0.71989E+03
    0.76509E-01    0.69770E+03
    0.78055E-01    0.67480E+03
    0.79632E-01    0.65158E+03
    0.81241E-01    0.62820E+03
    0.82882E-01    0.60479E+03
    0.84556E-01    0.58158E+03
    0.86264E-01    0.55882E+03
    0.88007E-01    0.53677E+03
    0.89785E-01    0.51567E+03
    0.91598E-01    0.49573E+03
    0.93449E-01    0.47713E+03
    0.95337E-01    0.46002E+03
    0.97263E-01    0.44452E+03
    0.99227E-01    0.43066E+03
    0.10123E+00    0.41840E+03
    0.10328E+00    0.40769E+03
    0.10536E+00    0.39836E+03
    0.10749E+00    0.39021E+03
    0.10966E+00    0.38302E+03
    0.11188E+00    0.37648E+03
    0.11414E+00    0.37032E+03
    0.11644E+00    0.36421E+03
    0.11880E+00    0.35785E+03
    0.12120E+00    0.35095E+03
    0.12365E+00    0.34325E+03
    0.12614E+00    0.33461E+03
    0.12869E+00    0.32496E+03
    0.13129E+00    0.31432E+03
    0.13394E+00    0.30282E+03
    0.13665E+00    0.29066E+03
    0.13941E+00    0.27808E+03
    0.14223E+00    0.26539E+03
    0.14510E+00    0.25292E+03
    0.14803E+00    0.24102E+03
    0.15102E+00    0.23001E+03
    0.15407E+00    0.22017E+03
    0.15718E+00    0.21165E+03
    0.16036E+00    0.20444E+03
    0.16360E+00    0.19842E+03
    0.16690E+00    0.19338E+03
    0.17028E+00    0.18905E+03
    0.17371E+00    0.18513E+03
    0.17722E+00    0.18133E+03
    0.18080E+00    0.17730E+03
    0.18446E+00    0.17276E+03
    0.18818E+00    0.16753E+03
    0.19198E+00    0.16155E+03
    0.19586E+00    0.15500E+03
    0.19982E+00    0.14811E+03
    0.20386E+00    0.14116E+03
    0.20797E+00    0.13445E+03
    0.21218E+00    0.12824E+03
    0.21646E+00    0.12274E+03
    0.22083E+00    0.11804E+03
    0.22530E+00    0.11412E+03
    0.22985E+00    0.11081E+03
    0.23449E+00    0.10787E+03
    0.23923E+00    0.10504E+03
    0.24406E+00    0.10206E+03
    0.24899E+00    0.98762E+02
    0.25402E+00    0.95101E+02
    0.25915E+00    0.91161E+02
    0.26439E+00    0.87112E+02
    0.26973E+00    0.83159E+02
    0.27518E+00    0.79489E+02
    0.28074E+00    0.76233E+02
    0.28641E+00    0.73420E+02
    0.29219E+00    0.70969E+02
    0.29810E+00    0.68725E+02
    0.30412E+00    0.66523E+02
    0.31026E+00    0.64238E+02
    0.31653E+00    0.61809E+02
    0.32292E+00    0.59269E+02
    0.32945E+00    0.56728E+02
    0.33610E+00    0.54311E+02
    0.34289E+00    0.52095E+02
    0.34982E+00    0.50103E+02
    0.35689E+00    0.48300E+02
    0.36409E+00    0.46597E+02
    0.37145E+00    0.44905E+02
    0.37895E+00    0.43185E+02
    0.38661E+00    0.41442E+02
    0.39442E+00    0.39728E+02
    0.40239E+00    0.38103E+02
    0.41052E+00    0.36595E+02
    0.41881E+00    0.35199E+02
    0.42727E+00    0.33878E+02
    0.43590E+00    0.32588E+02
    0.44471E+00    0.31310E+02
    0.45369E+00    0.30050E+02
    0.46286E+00    0.28836E+02
    0.47221E+00    0.27687E+02
    0.48174E+00    0.26605E+02
    0.49148E+00    0.25575E+02
    0.50141E+00    0.24577E+02
    0.51153E+00    0.23605E+02
    0.52187E+00    0.22661E+02
    0.53241E+00    0.21758E+02
    0.54317E+00    0.20898E+02
    0.55414E+00    0.20076E+02
    0.56533E+00    0.19284E+02
    0.57675E+00    0.18522E+02
    0.58840E+00    0.17789E+02
    0.60029E+00    0.17085E+02
    0.61242E+00    0.16409E+02
    0.62479E+00    0.15761E+02
    0.63741E+00    0.15139E+02
    0.65029E+00    0.14542E+02
    0.66342E+00    0.13969E+02
    0.67683E+00    0.13419E+02
    0.69050E+00    0.12891E+02
    0.70445E+00    0.12385E+02
    0.71868E+00    0.11899E+02
    0.73320E+00    0.11433E+02
    0.74801E+00    0.10985E+02
    0.76312E+00    0.10555E+02
    0.77854E+00    0.10143E+02
    0.79426E+00    0.97478E+01
    0.81031E+00    0.93685E+01
    0.82668E+00    0.90046E+01
    0.84338E+00    0.86555E+01
    0.86041E+00    0.83207E+01
    0.87780E+00    0.79995E+01
    0.89553E+00    0.76914E+01
    0.91362E+00    0.73960E+01
    0.93208E+00    0.71126E+01
    0.95091E+00    0.68408E+01
    0.97011E+00    0.65802E+01
    0.98971E+00    0.63302E+01
    0.10097E+01    0.60904E+01
    0.10301E+01    0.58604E+01
    0.10509E+01    0.56398E+01
    0.10721E+01    0.54282E+01
    0.10938E+01    0.52252E+01
    0.11159E+01    0.50306E+01
    0.11384E+01    0.48438E+01
    0.11614E+01    0.46647E+01
    0.11849E+01    0.44928E+01
    0.12088E+01    0.43280E+01
    0.12333E+01    0.41698E+01
    0.12582E+01    0.40181E+01
    0.12836E+01    0.38725E+01
    0.13095E+01    0.37329E+01
    0.13360E+01    0.35989E+01
    0.13630E+01    0.34703E+01
    0.13905E+01    0.33468E+01
    0.14186E+01    0.32284E+01
    0.14472E+01    0.31146E+01
    0.14765E+01    0.30055E+01
    0.15063E+01    0.29006E+01
    0.15367E+01    0.27999E+01
    0.15678E+01    0.27032E+01
    0.15994E+01    0.26103E+01
    0.16318E+01    0.25210E+01
    0.16647E+01    0.24352E+01
    0.16984E+01    0.23528E+01
    0.17327E+01    0.22736E+01
    0.17677E+01    0.21976E+01
    0.18034E+01    0.21245E+01
    0.18398E+01    0.20543E+01
    0.18770E+01    0.19869E+01
    0.19149E+01    0.19221E+01
    0.19536E+01    0.18599E+01
    0.19930E+01    0.18001E+01
    0.20333E+01    0.17427E+01
    0.20744E+01    0.16874E+01
    0.21163E+01    0.16342E+01
    0.21590E+01    0.15830E+01
    0.22026E+01    0.15335E+01
    0.22471E+01    0.14858E+01
    0.22925E+01    0.14397E+01
    0.23388E+01    0.13951E+01
    0.23861E+01    0.13519E+01
