    0.10000E-03    0.97068E+02
    0.10202E-03    0.98949E+02
    0.10408E-03    0.10087E+03
    0.10618E-03    0.10282E+03
    0.10833E-03    0.10481E+03
    0.11052E-03    0.10684E+03
    0.11275E-03    0.10891E+03
    0.11503E-03    0.11102E+03
    0.11735E-03    0.11317E+03
    0.11972E-03    0.11537E+03
    0.12214E-03    0.11760E+03
    0.12461E-03    0.11988E+03
    0.12712E-03    0.12220E+03
    0.12969E-03    0.12457E+03
    0.13231E-03    0.12698E+03
    0.13499E-03    0.12944E+03
    0.13771E-03    0.13195E+03
    0.14049E-03    0.13450E+03
    0.14333E-03    0.13711E+03
    0.14623E-03    0.13976E+03
    0.14918E-03    0.14247E+03
    0.15220E-03    0.14523E+03
    0.15527E-03    0.14804E+03
    0.15841E-03    0.15091E+03
    0.16161E-03    0.15383E+03
    0.16487E-03    0.15681E+03
    0.16820E-03    0.15984E+03
    0.17160E-03    0.16294E+03
    0.17507E-03    0.16609E+03
    0.17860E-03    0.16930E+03
    0.18221E-03    0.17258E+03
    0.18589E-03    0.17592E+03
    0.18965E-03    0.17932E+03
    0.19348E-03    0.18279E+03
    0.19739E-03    0.18633E+03
    0.20138E-03    0.18994E+03
    0.20544E-03    0.19361E+03
    0.20959E-03    0.19736E+03
    0.21383E-03    0.20117E+03
    0.21815E-03    0.20506E+03
    0.22255E-03    0.20903E+03
    0.22705E-03    0.21307E+03
    0.23164E-03    0.21719E+03
    0.23632E-03    0.22139E+03
    0.24109E-03    0.22567E+03
    0.24596E-03    0.23003E+03
    0.25093E-03    0.23448E+03
    0.25600E-03    0.23901E+03
    0.26117E-03    0.24363E+03
    0.26645E-03    0.24833E+03
    0.27183E-03    0.25313E+03
    0.27732E-03    0.25802E+03
    0.28292E-03    0.26300E+03
    0.28864E-03    0.26808E+03
    0.29447E-03    0.27326E+03
    0.30042E-03    0.27853E+03
    0.30649E-03    0.28390E+03
    0.31268E-03    0.28938E+03
    0.31899E-03    0.29497E+03
    0.32544E-03    0.30065E+03
    0.33201E-03    0.30645E+03
    0.33872E-03    0.31236E+03
    0.34556E-03    0.31838E+03
    0.35254E-03    0.32452E+03
    0.35966E-03    0.33077E+03
    0.36693E-03    0.33714E+03
    0.37434E-03    0.34363E+03
    0.38190E-03    0.35025E+03
    0.38962E-03    0.35699E+03
    0.39749E-03    0.36386E+03
    0.40552E-03    0.37086E+03
    0.41371E-03    0.37799E+03
    0.42207E-03    0.38525E+03
    0.43060E-03    0.39266E+03
    0.43929E-03    0.40020E+03
    0.44817E-03    0.40789E+03
    0.45722E-03    0.41572E+03
    0.46646E-03    0.42370E+03
    0.47588E-03    0.43182E+03
    0.48550E-03    0.44010E+03
    0.49530E-03    0.44854E+03
    0.50531E-03    0.45713E+03
    0.51552E-03    0.46589E+03
    0.52593E-03    0.47480E+03
    0.53656E-03    0.48389E+03
    0.54739E-03    0.49314E+03
    0.55845E-03    0.50257E+03
    0.56973E-03    0.51217E+03
    0.58124E-03    0.52194E+03
    0.59299E-03    0.53190E+03
    0.60496E-03    0.54205E+03
    0.61719E-03    0.55238E+03
    0.62965E-03    0.56290E+03
    0.64237E-03    0.57361E+03
    0.65535E-03    0.58452E+03
    0.66859E-03    0.59563E+03
    0.68210E-03    0.60695E+03
    0.69588E-03    0.61847E+03
    0.70993E-03    0.63019E+03
    0.72427E-03    0.64214E+03
    0.73891E-03    0.65430E+03
    0.75383E-03    0.66668E+03
    0.76906E-03    0.67928E+03
    0.78460E-03    0.69211E+03
    0.80045E-03    0.70517E+03
    0.81662E-03    0.71846E+03
    0.83311E-03    0.73199E+03
    0.84994E-03    0.74576E+03
    0.86711E-03    0.75978E+03
    0.88463E-03    0.77404E+03
    0.90250E-03    0.78856E+03
    0.92073E-03    0.80333E+03
    0.93933E-03    0.81836E+03
    0.95831E-03    0.83366E+03
    0.97767E-03    0.84922E+03
    0.99742E-03    0.86505E+03
    0.10176E-02    0.88116E+03
    0.10381E-02    0.89755E+03
    0.10591E-02    0.91421E+03
    0.10805E-02    0.93117E+03
    0.11023E-02    0.94841E+03
    0.11246E-02    0.96595E+03
    0.11473E-02    0.98378E+03
    0.11705E-02    0.10019E+04
    0.11941E-02    0.10204E+04
    0.12182E-02    0.10391E+04
    0.12429E-02    0.10582E+04
    0.12680E-02    0.10776E+04
    0.12936E-02    0.10973E+04
    0.13197E-02    0.11173E+04
    0.13464E-02    0.11376E+04
    0.13736E-02    0.11583E+04
    0.14013E-02    0.11794E+04
    0.14296E-02    0.12007E+04
    0.14585E-02    0.12224E+04
    0.14880E-02    0.12445E+04
    0.15180E-02    0.12669E+04
    0.15487E-02    0.12896E+04
    0.15800E-02    0.13128E+04
    0.16119E-02    0.13362E+04
    0.16445E-02    0.13601E+04
    0.16777E-02    0.13843E+04
    0.17116E-02    0.14089E+04
    0.17462E-02    0.14338E+04
    0.17814E-02    0.14591E+04
    0.18174E-02    0.14848E+04
    0.18541E-02    0.15109E+04
    0.18916E-02    0.15374E+04
    0.19298E-02    0.15643E+04
    0.19688E-02    0.15915E+04
    0.20086E-02    0.16192E+04
    0.20491E-02    0.16472E+04
    0.20905E-02    0.16756E+04
    0.21328E-02    0.17045E+04
    0.21758E-02    0.17337E+04
    0.22198E-02    0.17633E+04
    0.22646E-02    0.17934E+04
    0.23104E-02    0.18238E+04
    0.23571E-02    0.18546E+04
    0.24047E-02    0.18859E+04
    0.24533E-02    0.19175E+04
    0.25028E-02    0.19496E+04
    0.25534E-02    0.19820E+04
    0.26050E-02    0.20149E+04
    0.26576E-02    0.20481E+04
    0.27113E-02    0.20818E+04
    0.27660E-02    0.21159E+04
    0.28219E-02    0.21503E+04
    0.28789E-02    0.21852E+04
    0.29371E-02    0.22205E+04
    0.29964E-02    0.22561E+04
    0.30569E-02    0.22921E+04
    0.31187E-02    0.23286E+04
    0.31817E-02    0.23654E+04
    0.32460E-02    0.24026E+04
    0.33115E-02    0.24401E+04
    0.33784E-02    0.24781E+04
    0.34467E-02    0.25164E+04
    0.35163E-02    0.25550E+04
    0.35874E-02    0.25940E+04
    0.36598E-02    0.26334E+04
    0.37338E-02    0.26731E+04
    0.38092E-02    0.27131E+04
    0.38861E-02    0.27534E+04
    0.39646E-02    0.27941E+04
    0.40447E-02    0.28350E+04
    0.41264E-02    0.28763E+04
    0.42098E-02    0.29179E+04
    0.42948E-02    0.29598E+04
    0.43816E-02    0.30019E+04
    0.44701E-02    0.30443E+04
    0.45604E-02    0.30868E+04
    0.46525E-02    0.31294E+04
    0.47465E-02    0.31721E+04
    0.48424E-02    0.32149E+04
    0.49402E-02    0.32579E+04
    0.50400E-02    0.33010E+04
    0.51419E-02    0.33444E+04
    0.52457E-02    0.33881E+04
    0.53517E-02    0.34319E+04
    0.54598E-02    0.34759E+04
    0.55701E-02    0.35200E+04
    0.56826E-02    0.35641E+04
    0.57974E-02    0.36082E+04
    0.59145E-02    0.36522E+04
    0.60340E-02    0.36963E+04
    0.61559E-02    0.37402E+04
    0.62803E-02    0.37841E+04
    0.64072E-02    0.38279E+04
    0.65366E-02    0.38716E+04
    0.66686E-02    0.39152E+04
    0.68033E-02    0.39585E+04
    0.69408E-02    0.40016E+04
    0.70810E-02    0.40445E+04
    0.72240E-02    0.40871E+04
    0.73700E-02    0.41294E+04
    0.75189E-02    0.41714E+04
    0.76708E-02    0.42129E+04
    0.78257E-02    0.42541E+04
    0.79838E-02    0.42948E+04
    0.81451E-02    0.43350E+04
    0.83096E-02    0.43746E+04
    0.84775E-02    0.44137E+04
    0.86488E-02    0.44522E+04
    0.88235E-02    0.44900E+04
    0.90017E-02    0.45271E+04
    0.91836E-02    0.45635E+04
    0.93691E-02    0.45990E+04
    0.95583E-02    0.46338E+04
    0.97514E-02    0.46676E+04
    0.99484E-02    0.47006E+04
    0.10149E-01    0.47325E+04
    0.10354E-01    0.47634E+04
    0.10564E-01    0.47932E+04
    0.10777E-01    0.48219E+04
    0.10995E-01    0.48494E+04
    0.11217E-01    0.48757E+04
    0.11443E-01    0.49006E+04
    0.11675E-01    0.49241E+04
    0.11910E-01    0.49463E+04
    0.12151E-01    0.49670E+04
    0.12397E-01    0.49863E+04
    0.12647E-01    0.50041E+04
    0.12902E-01    0.50203E+04
    0.13163E-01    0.50348E+04
    0.13429E-01    0.50474E+04
    0.13700E-01    0.50579E+04
    0.13977E-01    0.50662E+04
    0.14259E-01    0.50725E+04
    0.14547E-01    0.50772E+04
    0.14841E-01    0.50804E+04
    0.15141E-01    0.50825E+04
    0.15447E-01    0.50838E+04
    0.15759E-01    0.50840E+04
    0.16077E-01    0.50823E+04
    0.16402E-01    0.50783E+04
    0.16734E-01    0.50713E+04
    0.17072E-01    0.50608E+04
    0.17416E-01    0.50471E+04
    0.17768E-01    0.50303E+04
    0.18127E-01    0.50110E+04
    0.18493E-01    0.49895E+04
    0.18867E-01    0.49660E+04
    0.19248E-01    0.49404E+04
    0.19637E-01    0.49122E+04
    0.20034E-01    0.48811E+04
    0.20438E-01    0.48469E+04
    0.20851E-01    0.48091E+04
    0.21272E-01    0.47682E+04
    0.21702E-01    0.47246E+04
    0.22141E-01    0.46787E+04
    0.22588E-01    0.46309E+04
    0.23044E-01    0.45815E+04
    0.23510E-01    0.45307E+04
    0.23985E-01    0.44784E+04
    0.24469E-01    0.44246E+04
    0.24964E-01    0.43693E+04
    0.25468E-01    0.43125E+04
    0.25982E-01    0.42541E+04
    0.26507E-01    0.41941E+04
    0.27043E-01    0.41324E+04
    0.27589E-01    0.40690E+04
    0.28146E-01    0.40040E+04
    0.28715E-01    0.39374E+04
    0.29295E-01    0.38697E+04
    0.29887E-01    0.38009E+04
    0.30490E-01    0.37312E+04
    0.31106E-01    0.36610E+04
    0.31735E-01    0.35905E+04
    0.32376E-01    0.35199E+04
    0.33030E-01    0.34496E+04
    0.33697E-01    0.33797E+04
    0.34378E-01    0.33106E+04
    0.35072E-01    0.32423E+04
    0.35781E-01    0.31751E+04
    0.36504E-01    0.31089E+04
    0.37241E-01    0.30441E+04
    0.37993E-01    0.29806E+04
    0.38761E-01    0.29186E+04
    0.39544E-01    0.28582E+04
    0.40343E-01    0.27995E+04
    0.41158E-01    0.27426E+04
    0.41989E-01    0.26875E+04
    0.42838E-01    0.26345E+04
    0.43703E-01    0.25838E+04
    0.44586E-01    0.25355E+04
    0.45486E-01    0.24898E+04
    0.46405E-01    0.24466E+04
    0.47343E-01    0.24057E+04
    0.48299E-01    0.23669E+04
    0.49275E-01    0.23301E+04
    0.50270E-01    0.22950E+04
    0.51286E-01    0.22616E+04
    0.52322E-01    0.22296E+04
    0.53379E-01    0.21988E+04
    0.54457E-01    0.21692E+04
    0.55557E-01    0.21404E+04
    0.56680E-01    0.21121E+04
    0.57825E-01    0.20839E+04
    0.58993E-01    0.20556E+04
    0.60184E-01    0.20269E+04
    0.61400E-01    0.19976E+04
    0.62641E-01    0.19674E+04
    0.63906E-01    0.19359E+04
    0.65197E-01    0.19026E+04
    0.66514E-01    0.18671E+04
    0.67858E-01    0.18298E+04
    0.69229E-01    0.17912E+04
    0.70627E-01    0.17516E+04
    0.72054E-01    0.17105E+04
    0.73510E-01    0.16669E+04
    0.74994E-01    0.16200E+04
    0.76509E-01    0.15706E+04
    0.78055E-01    0.15197E+04
    0.79632E-01    0.14680E+04
    0.81241E-01    0.14160E+04
    0.82882E-01    0.13639E+04
    0.84556E-01    0.13123E+04
    0.86264E-01    0.12617E+04
    0.88007E-01    0.12126E+04
    0.89785E-01    0.11657E+04
    0.91598E-01    0.11214E+04
    0.93449E-01    0.10801E+04
    0.95337E-01    0.10421E+04
    0.97263E-01    0.10076E+04
    0.99227E-01    0.97679E+03
    0.10123E+00    0.94953E+03
    0.10328E+00    0.92571E+03
    0.10536E+00    0.90493E+03
    0.10749E+00    0.88678E+03
    0.10966E+00    0.87073E+03
    0.11188E+00    0.85614E+03
    0.11414E+00    0.84237E+03
    0.11644E+00    0.82871E+03
    0.11880E+00    0.81449E+03
    0.12120E+00    0.79906E+03
    0.12365E+00    0.78188E+03
    0.12614E+00    0.76263E+03
    0.12869E+00    0.74112E+03
    0.13129E+00    0.71745E+03
    0.13394E+00    0.69188E+03
    0.13665E+00    0.66486E+03
    0.13941E+00    0.63694E+03
    0.14223E+00    0.60878E+03
    0.14510E+00    0.58109E+03
    0.14803E+00    0.55467E+03
    0.15102E+00    0.53024E+03
    0.15407E+00    0.50839E+03
    0.15718E+00    0.48942E+03
    0.16036E+00    0.47337E+03
    0.16360E+00    0.45993E+03
    0.16690E+00    0.44863E+03
    0.17028E+00    0.43889E+03
    0.17371E+00    0.43007E+03
    0.17722E+00    0.42149E+03
    0.18080E+00    0.41242E+03
    0.18446E+00    0.40223E+03
    0.18818E+00    0.39050E+03
    0.19198E+00    0.37717E+03
    0.19586E+00    0.36257E+03
    0.19982E+00    0.34724E+03
    0.20386E+00    0.33179E+03
    0.20797E+00    0.31687E+03
    0.21218E+00    0.30306E+03
    0.21646E+00    0.29079E+03
    0.22083E+00    0.28029E+03
    0.22530E+00    0.27148E+03
    0.22985E+00    0.26400E+03
    0.23449E+00    0.25735E+03
    0.23923E+00    0.25092E+03
    0.24406E+00    0.24418E+03
    0.24899E+00    0.23675E+03
    0.25402E+00    0.22853E+03
    0.25915E+00    0.21971E+03
    0.26439E+00    0.21065E+03
    0.26973E+00    0.20181E+03
    0.27518E+00    0.19359E+03
    0.28074E+00    0.18628E+03
    0.28641E+00    0.17992E+03
    0.29219E+00    0.17436E+03
    0.29810E+00    0.16925E+03
    0.30412E+00    0.16423E+03
    0.31026E+00    0.15904E+03
    0.31653E+00    0.15354E+03
    0.32292E+00    0.14780E+03
    0.32945E+00    0.14206E+03
    0.33610E+00    0.13660E+03
    0.34289E+00    0.13158E+03
    0.34982E+00    0.12704E+03
    0.35689E+00    0.12291E+03
    0.36409E+00    0.11900E+03
    0.37145E+00    0.11512E+03
    0.37895E+00    0.11118E+03
    0.38661E+00    0.10720E+03
    0.39442E+00    0.10328E+03
    0.40239E+00    0.99554E+02
    0.41052E+00    0.96085E+02
    0.41881E+00    0.92860E+02
    0.42727E+00    0.89797E+02
    0.43590E+00    0.86805E+02
    0.44471E+00    0.83842E+02
    0.45369E+00    0.80921E+02
    0.46286E+00    0.78100E+02
    0.47221E+00    0.75423E+02
    0.48174E+00    0.72890E+02
    0.49148E+00    0.70473E+02
    0.50141E+00    0.68126E+02
    0.51153E+00    0.65837E+02
    0.52187E+00    0.63612E+02
    0.53241E+00    0.61476E+02
    0.54317E+00    0.59435E+02
    0.55414E+00    0.57476E+02
    0.56533E+00    0.55584E+02
    0.57675E+00    0.53758E+02
    0.58840E+00    0.51998E+02
    0.60029E+00    0.50301E+02
    0.61242E+00    0.48667E+02
    0.62479E+00    0.47093E+02
    0.63741E+00    0.45577E+02
    0.65029E+00    0.44117E+02
    0.66342E+00    0.42710E+02
    0.67683E+00    0.41354E+02
    0.69050E+00    0.40047E+02
    0.70445E+00    0.38787E+02
    0.71868E+00    0.37573E+02
    0.73320E+00    0.36402E+02
    0.74801E+00    0.35273E+02
    0.76312E+00    0.34185E+02
    0.77854E+00    0.33135E+02
    0.79426E+00    0.32123E+02
    0.81031E+00    0.31146E+02
    0.82668E+00    0.30204E+02
    0.84338E+00    0.29295E+02
    0.86041E+00    0.28418E+02
    0.87780E+00    0.27572E+02
    0.89553E+00    0.26755E+02
    0.91362E+00    0.25966E+02
    0.93208E+00    0.25205E+02
    0.95091E+00    0.24470E+02
    0.97011E+00    0.23761E+02
    0.98971E+00    0.23075E+02
    0.10097E+01    0.22413E+02
    0.10301E+01    0.21773E+02
    0.10509E+01    0.21154E+02
    0.10721E+01    0.20556E+02
    0.10938E+01    0.19978E+02
    0.11159E+01    0.19419E+02
    0.11384E+01    0.18878E+02
    0.11614E+01    0.18355E+02
    0.11849E+01    0.17849E+02
    0.12088E+01    0.17359E+02
    0.12333E+01    0.16884E+02
    0.12582E+01    0.16425E+02
    0.12836E+01    0.15980E+02
    0.13095E+01    0.15549E+02
    0.13360E+01    0.15132E+02
    0.13630E+01    0.14727E+02
    0.13905E+01    0.14335E+02
    0.14186E+01    0.13954E+02
    0.14472E+01    0.13585E+02
    0.14765E+01    0.13227E+02
    0.15063E+01    0.12880E+02
    0.15367E+01    0.12543E+02
    0.15678E+01    0.12216E+02
    0.15994E+01    0.11898E+02
    0.16318E+01    0.11590E+02
    0.16647E+01    0.11290E+02
    0.16984E+01    0.10999E+02
    0.17327E+01    0.10715E+02
    0.17677E+01    0.10440E+02
    0.18034E+01    0.10173E+02
    0.18398E+01    0.99122E+01
    0.18770E+01    0.96589E+01
    0.19149E+01    0.94124E+01
    0.19536E+01    0.91724E+01
    0.19930E+01    0.89387E+01
    0.20333E+01    0.87112E+01
    0.20744E+01    0.84895E+01
    0.21163E+01    0.82737E+01
    0.21590E+01    0.80634E+01
    0.22026E+01    0.78585E+01
    0.22471E+01    0.76589E+01
    0.22925E+01    0.74645E+01
    0.23388E+01    0.72750E+01
    0.23861E+01    0.70903E+01
