    0.10000E-03    0.21489E+03
    0.10202E-03    0.21905E+03
    0.10408E-03    0.22329E+03
    0.10618E-03    0.22762E+03
    0.10833E-03    0.23203E+03
    0.11052E-03    0.23652E+03
    0.11275E-03    0.24111E+03
    0.11503E-03    0.24578E+03
    0.11735E-03    0.25054E+03
    0.11972E-03    0.25539E+03
    0.12214E-03    0.26034E+03
    0.12461E-03    0.26538E+03
    0.12712E-03    0.27052E+03
    0.12969E-03    0.27576E+03
    0.13231E-03    0.28110E+03
    0.13499E-03    0.28654E+03
    0.13771E-03    0.29209E+03
    0.14049E-03    0.29775E+03
    0.14333E-03    0.30351E+03
    0.14623E-03    0.30939E+03
    0.14918E-03    0.31538E+03
    0.15220E-03    0.32149E+03
    0.15527E-03    0.32771E+03
    0.15841E-03    0.33406E+03
    0.16161E-03    0.34052E+03
    0.16487E-03    0.34712E+03
    0.16820E-03    0.35383E+03
    0.17160E-03    0.36068E+03
    0.17507E-03    0.36766E+03
    0.17860E-03    0.37478E+03
    0.18221E-03    0.38203E+03
    0.18589E-03    0.38942E+03
    0.18965E-03    0.39696E+03
    0.19348E-03    0.40464E+03
    0.19739E-03    0.41246E+03
    0.20138E-03    0.42044E+03
    0.20544E-03    0.42858E+03
    0.20959E-03    0.43686E+03
    0.21383E-03    0.44531E+03
    0.21815E-03    0.45392E+03
    0.22255E-03    0.46270E+03
    0.22705E-03    0.47164E+03
    0.23164E-03    0.48076E+03
    0.23632E-03    0.49005E+03
    0.24109E-03    0.49952E+03
    0.24596E-03    0.50918E+03
    0.25093E-03    0.51901E+03
    0.25600E-03    0.52904E+03
    0.26117E-03    0.53926E+03
    0.26645E-03    0.54967E+03
    0.27183E-03    0.56029E+03
    0.27732E-03    0.57111E+03
    0.28292E-03    0.58213E+03
    0.28864E-03    0.59337E+03
    0.29447E-03    0.60482E+03
    0.30042E-03    0.61649E+03
    0.30649E-03    0.62838E+03
    0.31268E-03    0.64050E+03
    0.31899E-03    0.65285E+03
    0.32544E-03    0.66543E+03
    0.33201E-03    0.67826E+03
    0.33872E-03    0.69133E+03
    0.34556E-03    0.70465E+03
    0.35254E-03    0.71822E+03
    0.35966E-03    0.73205E+03
    0.36693E-03    0.74614E+03
    0.37434E-03    0.76050E+03
    0.38190E-03    0.77514E+03
    0.38962E-03    0.79005E+03
    0.39749E-03    0.80524E+03
    0.40552E-03    0.82072E+03
    0.41371E-03    0.83649E+03
    0.42207E-03    0.85256E+03
    0.43060E-03    0.86893E+03
    0.43929E-03    0.88561E+03
    0.44817E-03    0.90261E+03
    0.45722E-03    0.91992E+03
    0.46646E-03    0.93756E+03
    0.47588E-03    0.95553E+03
    0.48550E-03    0.97384E+03
    0.49530E-03    0.99249E+03
    0.50531E-03    0.10115E+04
    0.51552E-03    0.10308E+04
    0.52593E-03    0.10506E+04
    0.53656E-03    0.10706E+04
    0.54739E-03    0.10911E+04
    0.55845E-03    0.11119E+04
    0.56973E-03    0.11331E+04
    0.58124E-03    0.11548E+04
    0.59299E-03    0.11768E+04
    0.60496E-03    0.11992E+04
    0.61719E-03    0.12220E+04
    0.62965E-03    0.12453E+04
    0.64237E-03    0.12689E+04
    0.65535E-03    0.12930E+04
    0.66859E-03    0.13176E+04
    0.68210E-03    0.13426E+04
    0.69588E-03    0.13681E+04
    0.70993E-03    0.13940E+04
    0.72427E-03    0.14204E+04
    0.73891E-03    0.14472E+04
    0.75383E-03    0.14746E+04
    0.76906E-03    0.15024E+04
    0.78460E-03    0.15308E+04
    0.80045E-03    0.15596E+04
    0.81662E-03    0.15890E+04
    0.83311E-03    0.16189E+04
    0.84994E-03    0.16493E+04
    0.86711E-03    0.16802E+04
    0.88463E-03    0.17118E+04
    0.90250E-03    0.17438E+04
    0.92073E-03    0.17765E+04
    0.93933E-03    0.18097E+04
    0.95831E-03    0.18434E+04
    0.97767E-03    0.18778E+04
    0.99742E-03    0.19128E+04
    0.10176E-02    0.19484E+04
    0.10381E-02    0.19846E+04
    0.10591E-02    0.20214E+04
    0.10805E-02    0.20588E+04
    0.11023E-02    0.20969E+04
    0.11246E-02    0.21357E+04
    0.11473E-02    0.21751E+04
    0.11705E-02    0.22151E+04
    0.11941E-02    0.22559E+04
    0.12182E-02    0.22973E+04
    0.12429E-02    0.23394E+04
    0.12680E-02    0.23822E+04
    0.12936E-02    0.24258E+04
    0.13197E-02    0.24700E+04
    0.13464E-02    0.25150E+04
    0.13736E-02    0.25607E+04
    0.14013E-02    0.26071E+04
    0.14296E-02    0.26543E+04
    0.14585E-02    0.27023E+04
    0.14880E-02    0.27510E+04
    0.15180E-02    0.28005E+04
    0.15487E-02    0.28508E+04
    0.15800E-02    0.29019E+04
    0.16119E-02    0.29538E+04
    0.16445E-02    0.30064E+04
    0.16777E-02    0.30599E+04
    0.17116E-02    0.31142E+04
    0.17462E-02    0.31694E+04
    0.17814E-02    0.32253E+04
    0.18174E-02    0.32821E+04
    0.18541E-02    0.33398E+04
    0.18916E-02    0.33983E+04
    0.19298E-02    0.34576E+04
    0.19688E-02    0.35179E+04
    0.20086E-02    0.35789E+04
    0.20491E-02    0.36409E+04
    0.20905E-02    0.37037E+04
    0.21328E-02    0.37674E+04
    0.21758E-02    0.38320E+04
    0.22198E-02    0.38975E+04
    0.22646E-02    0.39639E+04
    0.23104E-02    0.40311E+04
    0.23571E-02    0.40992E+04
    0.24047E-02    0.41683E+04
    0.24533E-02    0.42382E+04
    0.25028E-02    0.43090E+04
    0.25534E-02    0.43808E+04
    0.26050E-02    0.44534E+04
    0.26576E-02    0.45269E+04
    0.27113E-02    0.46013E+04
    0.27660E-02    0.46765E+04
    0.28219E-02    0.47527E+04
    0.28789E-02    0.48297E+04
    0.29371E-02    0.49076E+04
    0.29964E-02    0.49864E+04
    0.30569E-02    0.50661E+04
    0.31187E-02    0.51466E+04
    0.31817E-02    0.52279E+04
    0.32460E-02    0.53101E+04
    0.33115E-02    0.53931E+04
    0.33784E-02    0.54769E+04
    0.34467E-02    0.55616E+04
    0.35163E-02    0.56470E+04
    0.35874E-02    0.57332E+04
    0.36598E-02    0.58202E+04
    0.37338E-02    0.59079E+04
    0.38092E-02    0.59963E+04
    0.38861E-02    0.60854E+04
    0.39646E-02    0.61752E+04
    0.40447E-02    0.62657E+04
    0.41264E-02    0.63569E+04
    0.42098E-02    0.64490E+04
    0.42948E-02    0.65418E+04
    0.43816E-02    0.66351E+04
    0.44701E-02    0.67288E+04
    0.45604E-02    0.68226E+04
    0.46525E-02    0.69162E+04
    0.47465E-02    0.70096E+04
    0.48424E-02    0.71029E+04
    0.49402E-02    0.71966E+04
    0.50400E-02    0.72907E+04
    0.51419E-02    0.73856E+04
    0.52457E-02    0.74815E+04
    0.53517E-02    0.75782E+04
    0.54598E-02    0.76754E+04
    0.55701E-02    0.77728E+04
    0.56826E-02    0.78703E+04
    0.57974E-02    0.79676E+04
    0.59145E-02    0.80648E+04
    0.60340E-02    0.81618E+04
    0.61559E-02    0.82586E+04
    0.62803E-02    0.83554E+04
    0.64072E-02    0.84519E+04
    0.65366E-02    0.85482E+04
    0.66686E-02    0.86442E+04
    0.68033E-02    0.87397E+04
    0.69408E-02    0.88348E+04
    0.70810E-02    0.89293E+04
    0.72240E-02    0.90232E+04
    0.73700E-02    0.91164E+04
    0.75189E-02    0.92087E+04
    0.76708E-02    0.93003E+04
    0.78257E-02    0.93909E+04
    0.79838E-02    0.94805E+04
    0.81451E-02    0.95690E+04
    0.83096E-02    0.96563E+04
    0.84775E-02    0.97424E+04
    0.86488E-02    0.98270E+04
    0.88235E-02    0.99103E+04
    0.90017E-02    0.99919E+04
    0.91836E-02    0.10072E+05
    0.93691E-02    0.10150E+05
    0.95583E-02    0.10227E+05
    0.97514E-02    0.10301E+05
    0.99484E-02    0.10373E+05
    0.10149E-01    0.10443E+05
    0.10354E-01    0.10511E+05
    0.10564E-01    0.10577E+05
    0.10777E-01    0.10640E+05
    0.10995E-01    0.10700E+05
    0.11217E-01    0.10758E+05
    0.11443E-01    0.10812E+05
    0.11675E-01    0.10864E+05
    0.11910E-01    0.10913E+05
    0.12151E-01    0.10958E+05
    0.12397E-01    0.11000E+05
    0.12647E-01    0.11039E+05
    0.12902E-01    0.11074E+05
    0.13163E-01    0.11106E+05
    0.13429E-01    0.11133E+05
    0.13700E-01    0.11156E+05
    0.13977E-01    0.11174E+05
    0.14259E-01    0.11187E+05
    0.14547E-01    0.11197E+05
    0.14841E-01    0.11204E+05
    0.15141E-01    0.11208E+05
    0.15447E-01    0.11210E+05
    0.15759E-01    0.11210E+05
    0.16077E-01    0.11206E+05
    0.16402E-01    0.11197E+05
    0.16734E-01    0.11181E+05
    0.17072E-01    0.11157E+05
    0.17416E-01    0.11126E+05
    0.17768E-01    0.11089E+05
    0.18127E-01    0.11046E+05
    0.18493E-01    0.10998E+05
    0.18867E-01    0.10945E+05
    0.19248E-01    0.10888E+05
    0.19637E-01    0.10826E+05
    0.20034E-01    0.10757E+05
    0.20438E-01    0.10681E+05
    0.20851E-01    0.10597E+05
    0.21272E-01    0.10506E+05
    0.21702E-01    0.10410E+05
    0.22141E-01    0.10308E+05
    0.22588E-01    0.10202E+05
    0.23044E-01    0.10093E+05
    0.23510E-01    0.99808E+04
    0.23985E-01    0.98651E+04
    0.24469E-01    0.97461E+04
    0.24964E-01    0.96239E+04
    0.25468E-01    0.94983E+04
    0.25982E-01    0.93693E+04
    0.26507E-01    0.92367E+04
    0.27043E-01    0.91005E+04
    0.27589E-01    0.89606E+04
    0.28146E-01    0.88171E+04
    0.28715E-01    0.86703E+04
    0.29295E-01    0.85208E+04
    0.29887E-01    0.83691E+04
    0.30490E-01    0.82156E+04
    0.31106E-01    0.80609E+04
    0.31735E-01    0.79055E+04
    0.32376E-01    0.77501E+04
    0.33030E-01    0.75952E+04
    0.33697E-01    0.74414E+04
    0.34378E-01    0.72892E+04
    0.35072E-01    0.71390E+04
    0.35781E-01    0.69910E+04
    0.36504E-01    0.68455E+04
    0.37241E-01    0.67028E+04
    0.37993E-01    0.65632E+04
    0.38761E-01    0.64269E+04
    0.39544E-01    0.62941E+04
    0.40343E-01    0.61651E+04
    0.41158E-01    0.60399E+04
    0.41989E-01    0.59189E+04
    0.42838E-01    0.58025E+04
    0.43703E-01    0.56911E+04
    0.44586E-01    0.55849E+04
    0.45486E-01    0.54844E+04
    0.46405E-01    0.53894E+04
    0.47343E-01    0.52996E+04
    0.48299E-01    0.52143E+04
    0.49275E-01    0.51333E+04
    0.50270E-01    0.50562E+04
    0.51286E-01    0.49825E+04
    0.52322E-01    0.49120E+04
    0.53379E-01    0.48443E+04
    0.54457E-01    0.47790E+04
    0.55557E-01    0.47155E+04
    0.56680E-01    0.46530E+04
    0.57825E-01    0.45908E+04
    0.58993E-01    0.45284E+04
    0.60184E-01    0.44651E+04
    0.61400E-01    0.44005E+04
    0.62641E-01    0.43339E+04
    0.63906E-01    0.42645E+04
    0.65197E-01    0.41912E+04
    0.66514E-01    0.41134E+04
    0.67858E-01    0.40315E+04
    0.69229E-01    0.39467E+04
    0.70627E-01    0.38600E+04
    0.72054E-01    0.37700E+04
    0.73510E-01    0.36747E+04
    0.74994E-01    0.35724E+04
    0.76509E-01    0.34647E+04
    0.78055E-01    0.33537E+04
    0.79632E-01    0.32412E+04
    0.81241E-01    0.31281E+04
    0.82882E-01    0.30150E+04
    0.84556E-01    0.29029E+04
    0.86264E-01    0.27931E+04
    0.88007E-01    0.26868E+04
    0.89785E-01    0.25850E+04
    0.91598E-01    0.24889E+04
    0.93449E-01    0.23993E+04
    0.95337E-01    0.23168E+04
    0.97263E-01    0.22420E+04
    0.99227E-01    0.21751E+04
    0.10123E+00    0.21158E+04
    0.10328E+00    0.20638E+04
    0.10536E+00    0.20184E+04
    0.10749E+00    0.19786E+04
    0.10966E+00    0.19432E+04
    0.11188E+00    0.19110E+04
    0.11414E+00    0.18805E+04
    0.11644E+00    0.18503E+04
    0.11880E+00    0.18188E+04
    0.12120E+00    0.17848E+04
    0.12365E+00    0.17471E+04
    0.12614E+00    0.17051E+04
    0.12869E+00    0.16583E+04
    0.13129E+00    0.16070E+04
    0.13394E+00    0.15517E+04
    0.13665E+00    0.14935E+04
    0.13941E+00    0.14334E+04
    0.14223E+00    0.13730E+04
    0.14510E+00    0.13135E+04
    0.14803E+00    0.12569E+04
    0.15102E+00    0.12044E+04
    0.15407E+00    0.11574E+04
    0.15718E+00    0.11166E+04
    0.16036E+00    0.10818E+04
    0.16360E+00    0.10526E+04
    0.16690E+00    0.10278E+04
    0.17028E+00    0.10063E+04
    0.17371E+00    0.98679E+03
    0.17722E+00    0.96774E+03
    0.18080E+00    0.94769E+03
    0.18446E+00    0.92533E+03
    0.18818E+00    0.89981E+03
    0.19198E+00    0.87103E+03
    0.19586E+00    0.83965E+03
    0.19982E+00    0.80680E+03
    0.20386E+00    0.77378E+03
    0.20797E+00    0.74190E+03
    0.21218E+00    0.71234E+03
    0.21646E+00    0.68601E+03
    0.22083E+00    0.66334E+03
    0.22530E+00    0.64416E+03
    0.22985E+00    0.62775E+03
    0.23449E+00    0.61304E+03
    0.23923E+00    0.59881E+03
    0.24406E+00    0.58396E+03
    0.24899E+00    0.56772E+03
    0.25402E+00    0.54991E+03
    0.25915E+00    0.53090E+03
    0.26439E+00    0.51146E+03
    0.26973E+00    0.49249E+03
    0.27518E+00    0.47482E+03
    0.28074E+00    0.45899E+03
    0.28641E+00    0.44514E+03
    0.29219E+00    0.43290E+03
    0.29810E+00    0.42158E+03
    0.30412E+00    0.41048E+03
    0.31026E+00    0.39903E+03
    0.31653E+00    0.38699E+03
    0.32292E+00    0.37451E+03
    0.32945E+00    0.36206E+03
    0.33610E+00    0.35018E+03
    0.34289E+00    0.33919E+03
    0.34982E+00    0.32918E+03
    0.35689E+00    0.32001E+03
    0.36409E+00    0.31129E+03
    0.37145E+00    0.30264E+03
    0.37895E+00    0.29389E+03
    0.38661E+00    0.28507E+03
    0.39442E+00    0.27641E+03
    0.40239E+00    0.26814E+03
    0.41052E+00    0.26039E+03
    0.41881E+00    0.25313E+03
    0.42727E+00    0.24621E+03
    0.43590E+00    0.23943E+03
    0.44471E+00    0.23273E+03
    0.45369E+00    0.22613E+03
    0.46286E+00    0.21973E+03
    0.47221E+00    0.21363E+03
    0.48174E+00    0.20782E+03
    0.49148E+00    0.20224E+03
    0.50141E+00    0.19681E+03
    0.51153E+00    0.19151E+03
    0.52187E+00    0.18634E+03
    0.53241E+00    0.18136E+03
    0.54317E+00    0.17656E+03
    0.55414E+00    0.17194E+03
    0.56533E+00    0.16745E+03
    0.57675E+00    0.16311E+03
    0.58840E+00    0.15889E+03
    0.60029E+00    0.15481E+03
    0.61242E+00    0.15085E+03
    0.62479E+00    0.14702E+03
    0.63741E+00    0.14331E+03
    0.65029E+00    0.13971E+03
    0.66342E+00    0.13622E+03
    0.67683E+00    0.13284E+03
    0.69050E+00    0.12955E+03
    0.70445E+00    0.12637E+03
    0.71868E+00    0.12327E+03
    0.73320E+00    0.12027E+03
    0.74801E+00    0.11735E+03
    0.76312E+00    0.11452E+03
    0.77854E+00    0.11176E+03
    0.79426E+00    0.10908E+03
    0.81031E+00    0.10648E+03
    0.82668E+00    0.10395E+03
    0.84338E+00    0.10148E+03
    0.86041E+00    0.99084E+02
    0.87780E+00    0.96750E+02
    0.89553E+00    0.94476E+02
    0.91362E+00    0.92262E+02
    0.93208E+00    0.90105E+02
    0.95091E+00    0.88003E+02
    0.97011E+00    0.85953E+02
    0.98971E+00    0.83955E+02
    0.10097E+01    0.82006E+02
    0.10301E+01    0.80105E+02
    0.10509E+01    0.78249E+02
    0.10721E+01    0.76437E+02
    0.10938E+01    0.74669E+02
    0.11159E+01    0.72941E+02
    0.11384E+01    0.71254E+02
    0.11614E+01    0.69605E+02
    0.11849E+01    0.67993E+02
    0.12088E+01    0.66417E+02
    0.12333E+01    0.64876E+02
    0.12582E+01    0.63369E+02
    0.12836E+01    0.61895E+02
    0.13095E+01    0.60452E+02
    0.13360E+01    0.59040E+02
    0.13630E+01    0.57658E+02
    0.13905E+01    0.56305E+02
    0.14186E+01    0.54980E+02
    0.14472E+01    0.53683E+02
    0.14765E+01    0.52413E+02
    0.15063E+01    0.51170E+02
    0.15367E+01    0.49952E+02
    0.15678E+01    0.48759E+02
    0.15994E+01    0.47591E+02
    0.16318E+01    0.46446E+02
    0.16647E+01    0.45326E+02
    0.16984E+01    0.44227E+02
    0.17327E+01    0.43150E+02
    0.17677E+01    0.42095E+02
    0.18034E+01    0.41059E+02
    0.18398E+01    0.40044E+02
    0.18770E+01    0.39047E+02
    0.19149E+01    0.38069E+02
    0.19536E+01    0.37109E+02
    0.19930E+01    0.36166E+02
    0.20333E+01    0.35241E+02
    0.20744E+01    0.34334E+02
    0.21163E+01    0.33446E+02
    0.21590E+01    0.32576E+02
    0.22026E+01    0.31726E+02
    0.22471E+01    0.30895E+02
    0.22925E+01    0.30084E+02
    0.23388E+01    0.29292E+02
    0.23861E+01    0.28521E+02
