    0.10000E-03    0.43702E+02
    0.10202E-03    0.44549E+02
    0.10408E-03    0.45412E+02
    0.10618E-03    0.46292E+02
    0.10833E-03    0.47189E+02
    0.11052E-03    0.48104E+02
    0.11275E-03    0.49036E+02
    0.11503E-03    0.49986E+02
    0.11735E-03    0.50954E+02
    0.11972E-03    0.51941E+02
    0.12214E-03    0.52947E+02
    0.12461E-03    0.53973E+02
    0.12712E-03    0.55019E+02
    0.12969E-03    0.56084E+02
    0.13231E-03    0.57171E+02
    0.13499E-03    0.58278E+02
    0.13771E-03    0.59407E+02
    0.14049E-03    0.60558E+02
    0.14333E-03    0.61731E+02
    0.14623E-03    0.62926E+02
    0.14918E-03    0.64145E+02
    0.15220E-03    0.65387E+02
    0.15527E-03    0.66653E+02
    0.15841E-03    0.67944E+02
    0.16161E-03    0.69259E+02
    0.16487E-03    0.70601E+02
    0.16820E-03    0.71967E+02
    0.17160E-03    0.73361E+02
    0.17507E-03    0.74781E+02
    0.17860E-03    0.76229E+02
    0.18221E-03    0.77704E+02
    0.18589E-03    0.79208E+02
    0.18965E-03    0.80741E+02
    0.19348E-03    0.82304E+02
    0.19739E-03    0.83897E+02
    0.20138E-03    0.85520E+02
    0.20544E-03    0.87175E+02
    0.20959E-03    0.88862E+02
    0.21383E-03    0.90581E+02
    0.21815E-03    0.92333E+02
    0.22255E-03    0.94119E+02
    0.22705E-03    0.95940E+02
    0.23164E-03    0.97795E+02
    0.23632E-03    0.99686E+02
    0.24109E-03    0.10161E+03
    0.24596E-03    0.10358E+03
    0.25093E-03    0.10558E+03
    0.25600E-03    0.10762E+03
    0.26117E-03    0.10970E+03
    0.26645E-03    0.11182E+03
    0.27183E-03    0.11398E+03
    0.27732E-03    0.11618E+03
    0.28292E-03    0.11843E+03
    0.28864E-03    0.12072E+03
    0.29447E-03    0.12305E+03
    0.30042E-03    0.12542E+03
    0.30649E-03    0.12785E+03
    0.31268E-03    0.13031E+03
    0.31899E-03    0.13283E+03
    0.32544E-03    0.13539E+03
    0.33201E-03    0.13800E+03
    0.33872E-03    0.14067E+03
    0.34556E-03    0.14338E+03
    0.35254E-03    0.14614E+03
    0.35966E-03    0.14896E+03
    0.36693E-03    0.15183E+03
    0.37434E-03    0.15476E+03
    0.38190E-03    0.15774E+03
    0.38962E-03    0.16078E+03
    0.39749E-03    0.16387E+03
    0.40552E-03    0.16703E+03
    0.41371E-03    0.17024E+03
    0.42207E-03    0.17352E+03
    0.43060E-03    0.17685E+03
    0.43929E-03    0.18025E+03
    0.44817E-03    0.18372E+03
    0.45722E-03    0.18725E+03
    0.46646E-03    0.19084E+03
    0.47588E-03    0.19451E+03
    0.48550E-03    0.19824E+03
    0.49530E-03    0.20204E+03
    0.50531E-03    0.20592E+03
    0.51552E-03    0.20987E+03
    0.52593E-03    0.21389E+03
    0.53656E-03    0.21798E+03
    0.54739E-03    0.22216E+03
    0.55845E-03    0.22641E+03
    0.56973E-03    0.23074E+03
    0.58124E-03    0.23515E+03
    0.59299E-03    0.23964E+03
    0.60496E-03    0.24422E+03
    0.61719E-03    0.24888E+03
    0.62965E-03    0.25362E+03
    0.64237E-03    0.25846E+03
    0.65535E-03    0.26338E+03
    0.66859E-03    0.26839E+03
    0.68210E-03    0.27350E+03
    0.69588E-03    0.27870E+03
    0.70993E-03    0.28399E+03
    0.72427E-03    0.28938E+03
    0.73891E-03    0.29487E+03
    0.75383E-03    0.30046E+03
    0.76906E-03    0.30614E+03
    0.78460E-03    0.31194E+03
    0.80045E-03    0.31783E+03
    0.81662E-03    0.32383E+03
    0.83311E-03    0.32994E+03
    0.84994E-03    0.33616E+03
    0.86711E-03    0.34249E+03
    0.88463E-03    0.34893E+03
    0.90250E-03    0.35549E+03
    0.92073E-03    0.36216E+03
    0.93933E-03    0.36895E+03
    0.95831E-03    0.37585E+03
    0.97767E-03    0.38288E+03
    0.99742E-03    0.39003E+03
    0.10176E-02    0.39731E+03
    0.10381E-02    0.40471E+03
    0.10591E-02    0.41224E+03
    0.10805E-02    0.41990E+03
    0.11023E-02    0.42769E+03
    0.11246E-02    0.43561E+03
    0.11473E-02    0.44366E+03
    0.11705E-02    0.45186E+03
    0.11941E-02    0.46019E+03
    0.12182E-02    0.46866E+03
    0.12429E-02    0.47727E+03
    0.12680E-02    0.48602E+03
    0.12936E-02    0.49492E+03
    0.13197E-02    0.50397E+03
    0.13464E-02    0.51316E+03
    0.13736E-02    0.52251E+03
    0.14013E-02    0.53200E+03
    0.14296E-02    0.54165E+03
    0.14585E-02    0.55145E+03
    0.14880E-02    0.56141E+03
    0.15180E-02    0.57153E+03
    0.15487E-02    0.58181E+03
    0.15800E-02    0.59225E+03
    0.16119E-02    0.60285E+03
    0.16445E-02    0.61362E+03
    0.16777E-02    0.62455E+03
    0.17116E-02    0.63565E+03
    0.17462E-02    0.64691E+03
    0.17814E-02    0.65835E+03
    0.18174E-02    0.66996E+03
    0.18541E-02    0.68174E+03
    0.18916E-02    0.69369E+03
    0.19298E-02    0.70582E+03
    0.19688E-02    0.71813E+03
    0.20086E-02    0.73061E+03
    0.20491E-02    0.74327E+03
    0.20905E-02    0.75610E+03
    0.21328E-02    0.76912E+03
    0.21758E-02    0.78232E+03
    0.22198E-02    0.79570E+03
    0.22646E-02    0.80926E+03
    0.23104E-02    0.82300E+03
    0.23571E-02    0.83692E+03
    0.24047E-02    0.85103E+03
    0.24533E-02    0.86531E+03
    0.25028E-02    0.87978E+03
    0.25534E-02    0.89444E+03
    0.26050E-02    0.90927E+03
    0.26576E-02    0.92429E+03
    0.27113E-02    0.93949E+03
    0.27660E-02    0.95487E+03
    0.28219E-02    0.97043E+03
    0.28789E-02    0.98616E+03
    0.29371E-02    0.10021E+04
    0.29964E-02    0.10182E+04
    0.30569E-02    0.10344E+04
    0.31187E-02    0.10509E+04
    0.31817E-02    0.10675E+04
    0.32460E-02    0.10843E+04
    0.33115E-02    0.11013E+04
    0.33784E-02    0.11184E+04
    0.34467E-02    0.11357E+04
    0.35163E-02    0.11531E+04
    0.35874E-02    0.11707E+04
    0.36598E-02    0.11885E+04
    0.37338E-02    0.12064E+04
    0.38092E-02    0.12245E+04
    0.38861E-02    0.12427E+04
    0.39646E-02    0.12611E+04
    0.40447E-02    0.12795E+04
    0.41264E-02    0.12982E+04
    0.42098E-02    0.13169E+04
    0.42948E-02    0.13358E+04
    0.43816E-02    0.13548E+04
    0.44701E-02    0.13739E+04
    0.45604E-02    0.13932E+04
    0.46525E-02    0.14124E+04
    0.47465E-02    0.14318E+04
    0.48424E-02    0.14512E+04
    0.49402E-02    0.14707E+04
    0.50400E-02    0.14903E+04
    0.51419E-02    0.15100E+04
    0.52457E-02    0.15297E+04
    0.53517E-02    0.15496E+04
    0.54598E-02    0.15694E+04
    0.55701E-02    0.15893E+04
    0.56826E-02    0.16092E+04
    0.57974E-02    0.16291E+04
    0.59145E-02    0.16490E+04
    0.60340E-02    0.16689E+04
    0.61559E-02    0.16888E+04
    0.62803E-02    0.17087E+04
    0.64072E-02    0.17285E+04
    0.65366E-02    0.17482E+04
    0.66686E-02    0.17679E+04
    0.68033E-02    0.17875E+04
    0.69408E-02    0.18070E+04
    0.70810E-02    0.18263E+04
    0.72240E-02    0.18456E+04
    0.73700E-02    0.18647E+04
    0.75189E-02    0.18837E+04
    0.76708E-02    0.19025E+04
    0.78257E-02    0.19211E+04
    0.79838E-02    0.19394E+04
    0.81451E-02    0.19576E+04
    0.83096E-02    0.19756E+04
    0.84775E-02    0.19932E+04
    0.86488E-02    0.20106E+04
    0.88235E-02    0.20277E+04
    0.90017E-02    0.20445E+04
    0.91836E-02    0.20610E+04
    0.93691E-02    0.20770E+04
    0.95583E-02    0.20928E+04
    0.97514E-02    0.21081E+04
    0.99484E-02    0.21230E+04
    0.10149E-01    0.21374E+04
    0.10354E-01    0.21514E+04
    0.10564E-01    0.21649E+04
    0.10777E-01    0.21779E+04
    0.10995E-01    0.21903E+04
    0.11217E-01    0.22022E+04
    0.11443E-01    0.22135E+04
    0.11675E-01    0.22241E+04
    0.11910E-01    0.22342E+04
    0.12151E-01    0.22436E+04
    0.12397E-01    0.22523E+04
    0.12647E-01    0.22604E+04
    0.12902E-01    0.22678E+04
    0.13163E-01    0.22743E+04
    0.13429E-01    0.22800E+04
    0.13700E-01    0.22848E+04
    0.13977E-01    0.22886E+04
    0.14259E-01    0.22915E+04
    0.14547E-01    0.22936E+04
    0.14841E-01    0.22951E+04
    0.15141E-01    0.22961E+04
    0.15447E-01    0.22967E+04
    0.15759E-01    0.22968E+04
    0.16077E-01    0.22961E+04
    0.16402E-01    0.22943E+04
    0.16734E-01    0.22912E+04
    0.17072E-01    0.22865E+04
    0.17416E-01    0.22803E+04
    0.17768E-01    0.22728E+04
    0.18127E-01    0.22641E+04
    0.18493E-01    0.22544E+04
    0.18867E-01    0.22438E+04
    0.19248E-01    0.22323E+04
    0.19637E-01    0.22196E+04
    0.20034E-01    0.22056E+04
    0.20438E-01    0.21901E+04
    0.20851E-01    0.21731E+04
    0.21272E-01    0.21546E+04
    0.21702E-01    0.21349E+04
    0.22141E-01    0.21142E+04
    0.22588E-01    0.20926E+04
    0.23044E-01    0.20703E+04
    0.23510E-01    0.20474E+04
    0.23985E-01    0.20238E+04
    0.24469E-01    0.19995E+04
    0.24964E-01    0.19745E+04
    0.25468E-01    0.19488E+04
    0.25982E-01    0.19224E+04
    0.26507E-01    0.18953E+04
    0.27043E-01    0.18674E+04
    0.27589E-01    0.18388E+04
    0.28146E-01    0.18094E+04
    0.28715E-01    0.17793E+04
    0.29295E-01    0.17487E+04
    0.29887E-01    0.17175E+04
    0.30490E-01    0.16860E+04
    0.31106E-01    0.16543E+04
    0.31735E-01    0.16224E+04
    0.32376E-01    0.15904E+04
    0.33030E-01    0.15586E+04
    0.33697E-01    0.15270E+04
    0.34378E-01    0.14957E+04
    0.35072E-01    0.14648E+04
    0.35781E-01    0.14344E+04
    0.36504E-01    0.14044E+04
    0.37241E-01    0.13751E+04
    0.37993E-01    0.13463E+04
    0.38761E-01    0.13182E+04
    0.39544E-01    0.12909E+04
    0.40343E-01    0.12643E+04
    0.41158E-01    0.12385E+04
    0.41989E-01    0.12135E+04
    0.42838E-01    0.11895E+04
    0.43703E-01    0.11665E+04
    0.44586E-01    0.11446E+04
    0.45486E-01    0.11239E+04
    0.46405E-01    0.11043E+04
    0.47343E-01    0.10857E+04
    0.48299E-01    0.10681E+04
    0.49275E-01    0.10514E+04
    0.50270E-01    0.10355E+04
    0.51286E-01    0.10203E+04
    0.52322E-01    0.10058E+04
    0.53379E-01    0.99186E+03
    0.54457E-01    0.97842E+03
    0.55557E-01    0.96534E+03
    0.56680E-01    0.95247E+03
    0.57825E-01    0.93968E+03
    0.58993E-01    0.92683E+03
    0.60184E-01    0.91381E+03
    0.61400E-01    0.90051E+03
    0.62641E-01    0.88680E+03
    0.63906E-01    0.87248E+03
    0.65197E-01    0.85736E+03
    0.66514E-01    0.84126E+03
    0.67858E-01    0.82431E+03
    0.69229E-01    0.80675E+03
    0.70627E-01    0.78876E+03
    0.72054E-01    0.77009E+03
    0.73510E-01    0.75026E+03
    0.74994E-01    0.72896E+03
    0.76509E-01    0.70648E+03
    0.78055E-01    0.68330E+03
    0.79632E-01    0.65979E+03
    0.81241E-01    0.63612E+03
    0.82882E-01    0.61242E+03
    0.84556E-01    0.58891E+03
    0.86264E-01    0.56587E+03
    0.88007E-01    0.54355E+03
    0.89785E-01    0.52218E+03
    0.91598E-01    0.50200E+03
    0.93449E-01    0.48317E+03
    0.95337E-01    0.46584E+03
    0.97263E-01    0.45015E+03
    0.99227E-01    0.43611E+03
    0.10123E+00    0.42370E+03
    0.10328E+00    0.41286E+03
    0.10536E+00    0.40341E+03
    0.10749E+00    0.39516E+03
    0.10966E+00    0.38788E+03
    0.11188E+00    0.38126E+03
    0.11414E+00    0.37502E+03
    0.11644E+00    0.36884E+03
    0.11880E+00    0.36239E+03
    0.12120E+00    0.35540E+03
    0.12365E+00    0.34761E+03
    0.12614E+00    0.33887E+03
    0.12869E+00    0.32909E+03
    0.13129E+00    0.31832E+03
    0.13394E+00    0.30668E+03
    0.13665E+00    0.29436E+03
    0.13941E+00    0.28163E+03
    0.14223E+00    0.26879E+03
    0.14510E+00    0.25616E+03
    0.14803E+00    0.24411E+03
    0.15102E+00    0.23296E+03
    0.15407E+00    0.22301E+03
    0.15718E+00    0.21437E+03
    0.16036E+00    0.20708E+03
    0.16360E+00    0.20098E+03
    0.16690E+00    0.19588E+03
    0.17028E+00    0.19149E+03
    0.17371E+00    0.18753E+03
    0.17722E+00    0.18367E+03
    0.18080E+00    0.17960E+03
    0.18446E+00    0.17500E+03
    0.18818E+00    0.16970E+03
    0.19198E+00    0.16365E+03
    0.19586E+00    0.15702E+03
    0.19982E+00    0.15004E+03
    0.20386E+00    0.14301E+03
    0.20797E+00    0.13621E+03
    0.21218E+00    0.12993E+03
    0.21646E+00    0.12436E+03
    0.22083E+00    0.11960E+03
    0.22530E+00    0.11563E+03
    0.22985E+00    0.11227E+03
    0.23449E+00    0.10930E+03
    0.23923E+00    0.10643E+03
    0.24406E+00    0.10341E+03
    0.24899E+00    0.10008E+03
    0.25402E+00    0.96370E+02
    0.25915E+00    0.92380E+02
    0.26439E+00    0.88281E+02
    0.26973E+00    0.84278E+02
    0.27518E+00    0.80562E+02
    0.28074E+00    0.77265E+02
    0.28641E+00    0.74416E+02
    0.29219E+00    0.71934E+02
    0.29810E+00    0.69662E+02
    0.30412E+00    0.67433E+02
    0.31026E+00    0.65118E+02
    0.31653E+00    0.62659E+02
    0.32292E+00    0.60086E+02
    0.32945E+00    0.57514E+02
    0.33610E+00    0.55066E+02
    0.34289E+00    0.52822E+02
    0.34982E+00    0.50805E+02
    0.35689E+00    0.48978E+02
    0.36409E+00    0.47254E+02
    0.37145E+00    0.45541E+02
    0.37895E+00    0.43798E+02
    0.38661E+00    0.42033E+02
    0.39442E+00    0.40297E+02
    0.40239E+00    0.38651E+02
    0.41052E+00    0.37124E+02
    0.41881E+00    0.35710E+02
    0.42727E+00    0.34372E+02
    0.43590E+00    0.33065E+02
    0.44471E+00    0.31771E+02
    0.45369E+00    0.30495E+02
    0.46286E+00    0.29265E+02
    0.47221E+00    0.28101E+02
    0.48174E+00    0.27005E+02
    0.49148E+00    0.25962E+02
    0.50141E+00    0.24951E+02
    0.51153E+00    0.23966E+02
    0.52187E+00    0.23009E+02
    0.53241E+00    0.22094E+02
    0.54317E+00    0.21224E+02
    0.55414E+00    0.20390E+02
    0.56533E+00    0.19588E+02
    0.57675E+00    0.18815E+02
    0.58840E+00    0.18072E+02
    0.60029E+00    0.17359E+02
    0.61242E+00    0.16675E+02
    0.62479E+00    0.16018E+02
    0.63741E+00    0.15387E+02
    0.65029E+00    0.14782E+02
    0.66342E+00    0.14201E+02
    0.67683E+00    0.13644E+02
    0.69050E+00    0.13109E+02
    0.70445E+00    0.12596E+02
    0.71868E+00    0.12103E+02
    0.73320E+00    0.11630E+02
    0.74801E+00    0.11176E+02
    0.76312E+00    0.10741E+02
    0.77854E+00    0.10323E+02
    0.79426E+00    0.99219E+01
    0.81031E+00    0.95372E+01
    0.82668E+00    0.91681E+01
    0.84338E+00    0.88140E+01
    0.86041E+00    0.84743E+01
    0.87780E+00    0.81485E+01
    0.89553E+00    0.78360E+01
    0.91362E+00    0.75363E+01
    0.93208E+00    0.72487E+01
    0.95091E+00    0.69730E+01
    0.97011E+00    0.67084E+01
    0.98971E+00    0.64547E+01
    0.10097E+01    0.62113E+01
    0.10301E+01    0.59778E+01
    0.10509E+01    0.57539E+01
    0.10721E+01    0.55390E+01
    0.10938E+01    0.53329E+01
    0.11159E+01    0.51352E+01
    0.11384E+01    0.49456E+01
    0.11614E+01    0.47636E+01
    0.11849E+01    0.45890E+01
    0.12088E+01    0.44215E+01
    0.12333E+01    0.42608E+01
    0.12582E+01    0.41066E+01
    0.12836E+01    0.39587E+01
    0.13095E+01    0.38167E+01
    0.13360E+01    0.36805E+01
    0.13630E+01    0.35497E+01
    0.13905E+01    0.34242E+01
    0.14186E+01    0.33037E+01
    0.14472E+01    0.31880E+01
    0.14765E+01    0.30769E+01
    0.15063E+01    0.29702E+01
    0.15367E+01    0.28677E+01
    0.15678E+01    0.27693E+01
    0.15994E+01    0.26747E+01
    0.16318E+01    0.25838E+01
    0.16647E+01    0.24964E+01
    0.16984E+01    0.24125E+01
    0.17327E+01    0.23318E+01
    0.17677E+01    0.22543E+01
    0.18034E+01    0.21798E+01
    0.18398E+01    0.21083E+01
    0.18770E+01    0.20395E+01
    0.19149E+01    0.19735E+01
    0.19536E+01    0.19100E+01
    0.19930E+01    0.18490E+01
    0.20333E+01    0.17904E+01
    0.20744E+01    0.17340E+01
    0.21163E+01    0.16797E+01
    0.21590E+01    0.16273E+01
    0.22026E+01    0.15769E+01
    0.22471E+01    0.15281E+01
    0.22925E+01    0.14810E+01
    0.23388E+01    0.14354E+01
    0.23861E+01    0.13913E+01
