    0.10000E-03    0.15035E+03
    0.10202E-03    0.15326E+03
    0.10408E-03    0.15623E+03
    0.10618E-03    0.15926E+03
    0.10833E-03    0.16234E+03
    0.11052E-03    0.16549E+03
    0.11275E-03    0.16869E+03
    0.11503E-03    0.17196E+03
    0.11735E-03    0.17529E+03
    0.11972E-03    0.17869E+03
    0.12214E-03    0.18215E+03
    0.12461E-03    0.18568E+03
    0.12712E-03    0.18927E+03
    0.12969E-03    0.19294E+03
    0.13231E-03    0.19668E+03
    0.13499E-03    0.20048E+03
    0.13771E-03    0.20437E+03
    0.14049E-03    0.20832E+03
    0.14333E-03    0.21236E+03
    0.14623E-03    0.21647E+03
    0.14918E-03    0.22066E+03
    0.15220E-03    0.22493E+03
    0.15527E-03    0.22929E+03
    0.15841E-03    0.23373E+03
    0.16161E-03    0.23825E+03
    0.16487E-03    0.24287E+03
    0.16820E-03    0.24757E+03
    0.17160E-03    0.25236E+03
    0.17507E-03    0.25724E+03
    0.17860E-03    0.26222E+03
    0.18221E-03    0.26730E+03
    0.18589E-03    0.27247E+03
    0.18965E-03    0.27774E+03
    0.19348E-03    0.28312E+03
    0.19739E-03    0.28859E+03
    0.20138E-03    0.29418E+03
    0.20544E-03    0.29987E+03
    0.20959E-03    0.30567E+03
    0.21383E-03    0.31158E+03
    0.21815E-03    0.31760E+03
    0.22255E-03    0.32374E+03
    0.22705E-03    0.33000E+03
    0.23164E-03    0.33638E+03
    0.23632E-03    0.34289E+03
    0.24109E-03    0.34951E+03
    0.24596E-03    0.35627E+03
    0.25093E-03    0.36315E+03
    0.25600E-03    0.37017E+03
    0.26117E-03    0.37732E+03
    0.26645E-03    0.38461E+03
    0.27183E-03    0.39204E+03
    0.27732E-03    0.39961E+03
    0.28292E-03    0.40732E+03
    0.28864E-03    0.41518E+03
    0.29447E-03    0.42320E+03
    0.30042E-03    0.43136E+03
    0.30649E-03    0.43969E+03
    0.31268E-03    0.44817E+03
    0.31899E-03    0.45681E+03
    0.32544E-03    0.46562E+03
    0.33201E-03    0.47460E+03
    0.33872E-03    0.48374E+03
    0.34556E-03    0.49307E+03
    0.35254E-03    0.50256E+03
    0.35966E-03    0.51224E+03
    0.36693E-03    0.52211E+03
    0.37434E-03    0.53216E+03
    0.38190E-03    0.54240E+03
    0.38962E-03    0.55284E+03
    0.39749E-03    0.56347E+03
    0.40552E-03    0.57430E+03
    0.41371E-03    0.58534E+03
    0.42207E-03    0.59659E+03
    0.43060E-03    0.60805E+03
    0.43929E-03    0.61973E+03
    0.44817E-03    0.63163E+03
    0.45722E-03    0.64375E+03
    0.46646E-03    0.65609E+03
    0.47588E-03    0.66867E+03
    0.48550E-03    0.68149E+03
    0.49530E-03    0.69455E+03
    0.50531E-03    0.70785E+03
    0.51552E-03    0.72139E+03
    0.52593E-03    0.73520E+03
    0.53656E-03    0.74925E+03
    0.54739E-03    0.76357E+03
    0.55845E-03    0.77816E+03
    0.56973E-03    0.79302E+03
    0.58124E-03    0.80815E+03
    0.59299E-03    0.82356E+03
    0.60496E-03    0.83925E+03
    0.61719E-03    0.85524E+03
    0.62965E-03    0.87152E+03
    0.64237E-03    0.88809E+03
    0.65535E-03    0.90498E+03
    0.66859E-03    0.92217E+03
    0.68210E-03    0.93967E+03
    0.69588E-03    0.95749E+03
    0.70993E-03    0.97564E+03
    0.72427E-03    0.99412E+03
    0.73891E-03    0.10129E+04
    0.75383E-03    0.10321E+04
    0.76906E-03    0.10516E+04
    0.78460E-03    0.10714E+04
    0.80045E-03    0.10916E+04
    0.81662E-03    0.11122E+04
    0.83311E-03    0.11331E+04
    0.84994E-03    0.11544E+04
    0.86711E-03    0.11761E+04
    0.88463E-03    0.11982E+04
    0.90250E-03    0.12206E+04
    0.92073E-03    0.12435E+04
    0.93933E-03    0.12667E+04
    0.95831E-03    0.12904E+04
    0.97767E-03    0.13145E+04
    0.99742E-03    0.13389E+04
    0.10176E-02    0.13639E+04
    0.10381E-02    0.13892E+04
    0.10591E-02    0.14150E+04
    0.10805E-02    0.14412E+04
    0.11023E-02    0.14679E+04
    0.11246E-02    0.14950E+04
    0.11473E-02    0.15226E+04
    0.11705E-02    0.15507E+04
    0.11941E-02    0.15792E+04
    0.12182E-02    0.16082E+04
    0.12429E-02    0.16377E+04
    0.12680E-02    0.16677E+04
    0.12936E-02    0.16981E+04
    0.13197E-02    0.17291E+04
    0.13464E-02    0.17606E+04
    0.13736E-02    0.17926E+04
    0.14013E-02    0.18251E+04
    0.14296E-02    0.18582E+04
    0.14585E-02    0.18918E+04
    0.14880E-02    0.19259E+04
    0.15180E-02    0.19606E+04
    0.15487E-02    0.19958E+04
    0.15800E-02    0.20315E+04
    0.16119E-02    0.20678E+04
    0.16445E-02    0.21047E+04
    0.16777E-02    0.21422E+04
    0.17116E-02    0.21802E+04
    0.17462E-02    0.22188E+04
    0.17814E-02    0.22580E+04
    0.18174E-02    0.22978E+04
    0.18541E-02    0.23381E+04
    0.18916E-02    0.23791E+04
    0.19298E-02    0.24207E+04
    0.19688E-02    0.24628E+04
    0.20086E-02    0.25056E+04
    0.20491E-02    0.25490E+04
    0.20905E-02    0.25930E+04
    0.21328E-02    0.26376E+04
    0.21758E-02    0.26828E+04
    0.22198E-02    0.27286E+04
    0.22646E-02    0.27751E+04
    0.23104E-02    0.28222E+04
    0.23571E-02    0.28699E+04
    0.24047E-02    0.29182E+04
    0.24533E-02    0.29672E+04
    0.25028E-02    0.30168E+04
    0.25534E-02    0.30670E+04
    0.26050E-02    0.31178E+04
    0.26576E-02    0.31693E+04
    0.27113E-02    0.32214E+04
    0.27660E-02    0.32741E+04
    0.28219E-02    0.33274E+04
    0.28789E-02    0.33813E+04
    0.29371E-02    0.34359E+04
    0.29964E-02    0.34910E+04
    0.30569E-02    0.35468E+04
    0.31187E-02    0.36032E+04
    0.31817E-02    0.36601E+04
    0.32460E-02    0.37176E+04
    0.33115E-02    0.37758E+04
    0.33784E-02    0.38345E+04
    0.34467E-02    0.38937E+04
    0.35163E-02    0.39535E+04
    0.35874E-02    0.40139E+04
    0.36598E-02    0.40748E+04
    0.37338E-02    0.41362E+04
    0.38092E-02    0.41981E+04
    0.38861E-02    0.42605E+04
    0.39646E-02    0.43234E+04
    0.40447E-02    0.43868E+04
    0.41264E-02    0.44506E+04
    0.42098E-02    0.45150E+04
    0.42948E-02    0.45799E+04
    0.43816E-02    0.46452E+04
    0.44701E-02    0.47107E+04
    0.45604E-02    0.47765E+04
    0.46525E-02    0.48422E+04
    0.47465E-02    0.49080E+04
    0.48424E-02    0.49738E+04
    0.49402E-02    0.50399E+04
    0.50400E-02    0.51063E+04
    0.51419E-02    0.51731E+04
    0.52457E-02    0.52404E+04
    0.53517E-02    0.53082E+04
    0.54598E-02    0.53762E+04
    0.55701E-02    0.54445E+04
    0.56826E-02    0.55127E+04
    0.57974E-02    0.55809E+04
    0.59145E-02    0.56490E+04
    0.60340E-02    0.57170E+04
    0.61559E-02    0.57850E+04
    0.62803E-02    0.58528E+04
    0.64072E-02    0.59205E+04
    0.65366E-02    0.59880E+04
    0.66686E-02    0.60553E+04
    0.68033E-02    0.61223E+04
    0.69408E-02    0.61890E+04
    0.70810E-02    0.62553E+04
    0.72240E-02    0.63211E+04
    0.73700E-02    0.63864E+04
    0.75189E-02    0.64512E+04
    0.76708E-02    0.65154E+04
    0.78257E-02    0.65790E+04
    0.79838E-02    0.66419E+04
    0.81451E-02    0.67040E+04
    0.83096E-02    0.67652E+04
    0.84775E-02    0.68256E+04
    0.86488E-02    0.68850E+04
    0.88235E-02    0.69434E+04
    0.90017E-02    0.70007E+04
    0.91836E-02    0.70569E+04
    0.93691E-02    0.71118E+04
    0.95583E-02    0.71655E+04
    0.97514E-02    0.72177E+04
    0.99484E-02    0.72685E+04
    0.10149E-01    0.73178E+04
    0.10354E-01    0.73655E+04
    0.10564E-01    0.74116E+04
    0.10777E-01    0.74558E+04
    0.10995E-01    0.74982E+04
    0.11217E-01    0.75387E+04
    0.11443E-01    0.75771E+04
    0.11675E-01    0.76134E+04
    0.11910E-01    0.76476E+04
    0.12151E-01    0.76796E+04
    0.12397E-01    0.77093E+04
    0.12647E-01    0.77367E+04
    0.12902E-01    0.77616E+04
    0.13163E-01    0.77839E+04
    0.13429E-01    0.78032E+04
    0.13700E-01    0.78193E+04
    0.13977E-01    0.78321E+04
    0.14259E-01    0.78417E+04
    0.14547E-01    0.78488E+04
    0.14841E-01    0.78536E+04
    0.15141E-01    0.78568E+04
    0.15447E-01    0.78587E+04
    0.15759E-01    0.78587E+04
    0.16077E-01    0.78560E+04
    0.16402E-01    0.78497E+04
    0.16734E-01    0.78387E+04
    0.17072E-01    0.78224E+04
    0.17416E-01    0.78010E+04
    0.17768E-01    0.77750E+04
    0.18127E-01    0.77450E+04
    0.18493E-01    0.77116E+04
    0.18867E-01    0.76752E+04
    0.19248E-01    0.76354E+04
    0.19637E-01    0.75917E+04
    0.20034E-01    0.75436E+04
    0.20438E-01    0.74905E+04
    0.20851E-01    0.74321E+04
    0.21272E-01    0.73687E+04
    0.21702E-01    0.73012E+04
    0.22141E-01    0.72301E+04
    0.22588E-01    0.71561E+04
    0.23044E-01    0.70798E+04
    0.23510E-01    0.70012E+04
    0.23985E-01    0.69202E+04
    0.24469E-01    0.68370E+04
    0.24964E-01    0.67515E+04
    0.25468E-01    0.66636E+04
    0.25982E-01    0.65733E+04
    0.26507E-01    0.64805E+04
    0.27043E-01    0.63852E+04
    0.27589E-01    0.62872E+04
    0.28146E-01    0.61867E+04
    0.28715E-01    0.60839E+04
    0.29295E-01    0.59791E+04
    0.29887E-01    0.58728E+04
    0.30490E-01    0.57653E+04
    0.31106E-01    0.56568E+04
    0.31735E-01    0.55479E+04
    0.32376E-01    0.54389E+04
    0.33030E-01    0.53304E+04
    0.33697E-01    0.52225E+04
    0.34378E-01    0.51158E+04
    0.35072E-01    0.50104E+04
    0.35781E-01    0.49066E+04
    0.36504E-01    0.48045E+04
    0.37241E-01    0.47045E+04
    0.37993E-01    0.46065E+04
    0.38761E-01    0.45109E+04
    0.39544E-01    0.44177E+04
    0.40343E-01    0.43272E+04
    0.41158E-01    0.42393E+04
    0.41989E-01    0.41544E+04
    0.42838E-01    0.40727E+04
    0.43703E-01    0.39945E+04
    0.44586E-01    0.39200E+04
    0.45486E-01    0.38495E+04
    0.46405E-01    0.37829E+04
    0.47343E-01    0.37198E+04
    0.48299E-01    0.36601E+04
    0.49275E-01    0.36033E+04
    0.50270E-01    0.35492E+04
    0.51286E-01    0.34975E+04
    0.52322E-01    0.34481E+04
    0.53379E-01    0.34007E+04
    0.54457E-01    0.33550E+04
    0.55557E-01    0.33105E+04
    0.56680E-01    0.32668E+04
    0.57825E-01    0.32233E+04
    0.58993E-01    0.31795E+04
    0.60184E-01    0.31353E+04
    0.61400E-01    0.30900E+04
    0.62641E-01    0.30434E+04
    0.63906E-01    0.29947E+04
    0.65197E-01    0.29433E+04
    0.66514E-01    0.28887E+04
    0.67858E-01    0.28312E+04
    0.69229E-01    0.27716E+04
    0.70627E-01    0.27106E+04
    0.72054E-01    0.26473E+04
    0.73510E-01    0.25802E+04
    0.74994E-01    0.25081E+04
    0.76509E-01    0.24322E+04
    0.78055E-01    0.23539E+04
    0.79632E-01    0.22745E+04
    0.81241E-01    0.21946E+04
    0.82882E-01    0.21146E+04
    0.84556E-01    0.20354E+04
    0.86264E-01    0.19578E+04
    0.88007E-01    0.18825E+04
    0.89785E-01    0.18106E+04
    0.91598E-01    0.17426E+04
    0.93449E-01    0.16792E+04
    0.95337E-01    0.16209E+04
    0.97263E-01    0.15680E+04
    0.99227E-01    0.15207E+04
    0.10123E+00    0.14788E+04
    0.10328E+00    0.14421E+04
    0.10536E+00    0.14101E+04
    0.10749E+00    0.13821E+04
    0.10966E+00    0.13573E+04
    0.11188E+00    0.13347E+04
    0.11414E+00    0.13134E+04
    0.11644E+00    0.12922E+04
    0.11880E+00    0.12701E+04
    0.12120E+00    0.12463E+04
    0.12365E+00    0.12197E+04
    0.12614E+00    0.11901E+04
    0.12869E+00    0.11570E+04
    0.13129E+00    0.11207E+04
    0.13394E+00    0.10815E+04
    0.13665E+00    0.10401E+04
    0.13941E+00    0.99742E+03
    0.14223E+00    0.95438E+03
    0.14510E+00    0.91208E+03
    0.14803E+00    0.87173E+03
    0.15102E+00    0.83439E+03
    0.15407E+00    0.80097E+03
    0.15718E+00    0.77192E+03
    0.16036E+00    0.74728E+03
    0.16360E+00    0.72659E+03
    0.16690E+00    0.70914E+03
    0.17028E+00    0.69404E+03
    0.17371E+00    0.68033E+03
    0.17722E+00    0.66697E+03
    0.18080E+00    0.65290E+03
    0.18446E+00    0.63713E+03
    0.18818E+00    0.61907E+03
    0.19198E+00    0.59863E+03
    0.19586E+00    0.57629E+03
    0.19982E+00    0.55286E+03
    0.20386E+00    0.52929E+03
    0.20797E+00    0.50653E+03
    0.21218E+00    0.48543E+03
    0.21646E+00    0.46667E+03
    0.22083E+00    0.45056E+03
    0.22530E+00    0.43698E+03
    0.22985E+00    0.42540E+03
    0.23449E+00    0.41506E+03
    0.23923E+00    0.40507E+03
    0.24406E+00    0.39461E+03
    0.24899E+00    0.38313E+03
    0.25402E+00    0.37049E+03
    0.25915E+00    0.35697E+03
    0.26439E+00    0.34311E+03
    0.26973E+00    0.32958E+03
    0.27518E+00    0.31699E+03
    0.28074E+00    0.30575E+03
    0.28641E+00    0.29595E+03
    0.29219E+00    0.28732E+03
    0.29810E+00    0.27937E+03
    0.30412E+00    0.27157E+03
    0.31026E+00    0.26351E+03
    0.31653E+00    0.25500E+03
    0.32292E+00    0.24616E+03
    0.32945E+00    0.23733E+03
    0.33610E+00    0.22891E+03
    0.34289E+00    0.22115E+03
    0.34982E+00    0.21410E+03
    0.35689E+00    0.20767E+03
    0.36409E+00    0.20156E+03
    0.37145E+00    0.19550E+03
    0.37895E+00    0.18937E+03
    0.38661E+00    0.18317E+03
    0.39442E+00    0.17708E+03
    0.40239E+00    0.17128E+03
    0.41052E+00    0.16587E+03
    0.41881E+00    0.16081E+03
    0.42727E+00    0.15599E+03
    0.43590E+00    0.15128E+03
    0.44471E+00    0.14663E+03
    0.45369E+00    0.14203E+03
    0.46286E+00    0.13760E+03
    0.47221E+00    0.13337E+03
    0.48174E+00    0.12936E+03
    0.49148E+00    0.12552E+03
    0.50141E+00    0.12179E+03
    0.51153E+00    0.11815E+03
    0.52187E+00    0.11461E+03
    0.53241E+00    0.11119E+03
    0.54317E+00    0.10793E+03
    0.55414E+00    0.10478E+03
    0.56533E+00    0.10174E+03
    0.57675E+00    0.98790E+02
    0.58840E+00    0.95943E+02
    0.60029E+00    0.93193E+02
    0.61242E+00    0.90536E+02
    0.62479E+00    0.87970E+02
    0.63741E+00    0.85491E+02
    0.65029E+00    0.83095E+02
    0.66342E+00    0.80778E+02
    0.67683E+00    0.78539E+02
    0.69050E+00    0.76374E+02
    0.70445E+00    0.74280E+02
    0.71868E+00    0.72254E+02
    0.73320E+00    0.70294E+02
    0.74801E+00    0.68396E+02
    0.76312E+00    0.66560E+02
    0.77854E+00    0.64782E+02
    0.79426E+00    0.63060E+02
    0.81031E+00    0.61392E+02
    0.82668E+00    0.59776E+02
    0.84338E+00    0.58210E+02
    0.86041E+00    0.56692E+02
    0.87780E+00    0.55221E+02
    0.89553E+00    0.53794E+02
    0.91362E+00    0.52411E+02
    0.93208E+00    0.51068E+02
    0.95091E+00    0.49766E+02
    0.97011E+00    0.48502E+02
    0.98971E+00    0.47275E+02
    0.10097E+01    0.46083E+02
    0.10301E+01    0.44925E+02
    0.10509E+01    0.43801E+02
    0.10721E+01    0.42707E+02
    0.10938E+01    0.41645E+02
    0.11159E+01    0.40612E+02
    0.11384E+01    0.39607E+02
    0.11614E+01    0.38629E+02
    0.11849E+01    0.37678E+02
    0.12088E+01    0.36752E+02
    0.12333E+01    0.35850E+02
    0.12582E+01    0.34972E+02
    0.12836E+01    0.34117E+02
    0.13095E+01    0.33283E+02
    0.13360E+01    0.32471E+02
    0.13630E+01    0.31679E+02
    0.13905E+01    0.30907E+02
    0.14186E+01    0.30153E+02
    0.14472E+01    0.29419E+02
    0.14765E+01    0.28702E+02
    0.15063E+01    0.28003E+02
    0.15367E+01    0.27321E+02
    0.15678E+01    0.26655E+02
    0.15994E+01    0.26005E+02
    0.16318E+01    0.25371E+02
    0.16647E+01    0.24751E+02
    0.16984E+01    0.24145E+02
    0.17327E+01    0.23554E+02
    0.17677E+01    0.22975E+02
    0.18034E+01    0.22410E+02
    0.18398E+01    0.21857E+02
    0.18770E+01    0.21316E+02
    0.19149E+01    0.20786E+02
    0.19536E+01    0.20268E+02
    0.19930E+01    0.19760E+02
    0.20333E+01    0.19263E+02
    0.20744E+01    0.18777E+02
    0.21163E+01    0.18301E+02
    0.21590E+01    0.17837E+02
    0.22026E+01    0.17383E+02
    0.22471E+01    0.16939E+02
    0.22925E+01    0.16507E+02
    0.23388E+01    0.16085E+02
    0.23861E+01    0.15673E+02
