    0.10000E-03    0.11757E+03
    0.10202E-03    0.11985E+03
    0.10408E-03    0.12217E+03
    0.10618E-03    0.12454E+03
    0.10833E-03    0.12695E+03
    0.11052E-03    0.12941E+03
    0.11275E-03    0.13192E+03
    0.11503E-03    0.13447E+03
    0.11735E-03    0.13708E+03
    0.11972E-03    0.13973E+03
    0.12214E-03    0.14244E+03
    0.12461E-03    0.14520E+03
    0.12712E-03    0.14801E+03
    0.12969E-03    0.15088E+03
    0.13231E-03    0.15380E+03
    0.13499E-03    0.15678E+03
    0.13771E-03    0.15981E+03
    0.14049E-03    0.16291E+03
    0.14333E-03    0.16606E+03
    0.14623E-03    0.16928E+03
    0.14918E-03    0.17256E+03
    0.15220E-03    0.17590E+03
    0.15527E-03    0.17931E+03
    0.15841E-03    0.18278E+03
    0.16161E-03    0.18632E+03
    0.16487E-03    0.18992E+03
    0.16820E-03    0.19360E+03
    0.17160E-03    0.19735E+03
    0.17507E-03    0.20117E+03
    0.17860E-03    0.20506E+03
    0.18221E-03    0.20903E+03
    0.18589E-03    0.21307E+03
    0.18965E-03    0.21720E+03
    0.19348E-03    0.22140E+03
    0.19739E-03    0.22568E+03
    0.20138E-03    0.23005E+03
    0.20544E-03    0.23450E+03
    0.20959E-03    0.23903E+03
    0.21383E-03    0.24366E+03
    0.21815E-03    0.24837E+03
    0.22255E-03    0.25317E+03
    0.22705E-03    0.25807E+03
    0.23164E-03    0.26306E+03
    0.23632E-03    0.26814E+03
    0.24109E-03    0.27333E+03
    0.24596E-03    0.27861E+03
    0.25093E-03    0.28399E+03
    0.25600E-03    0.28948E+03
    0.26117E-03    0.29507E+03
    0.26645E-03    0.30077E+03
    0.27183E-03    0.30658E+03
    0.27732E-03    0.31250E+03
    0.28292E-03    0.31854E+03
    0.28864E-03    0.32469E+03
    0.29447E-03    0.33096E+03
    0.30042E-03    0.33734E+03
    0.30649E-03    0.34385E+03
    0.31268E-03    0.35049E+03
    0.31899E-03    0.35725E+03
    0.32544E-03    0.36414E+03
    0.33201E-03    0.37116E+03
    0.33872E-03    0.37831E+03
    0.34556E-03    0.38560E+03
    0.35254E-03    0.39303E+03
    0.35966E-03    0.40060E+03
    0.36693E-03    0.40832E+03
    0.37434E-03    0.41618E+03
    0.38190E-03    0.42419E+03
    0.38962E-03    0.43236E+03
    0.39749E-03    0.44067E+03
    0.40552E-03    0.44915E+03
    0.41371E-03    0.45778E+03
    0.42207E-03    0.46658E+03
    0.43060E-03    0.47555E+03
    0.43929E-03    0.48468E+03
    0.44817E-03    0.49399E+03
    0.45722E-03    0.50347E+03
    0.46646E-03    0.51313E+03
    0.47588E-03    0.52297E+03
    0.48550E-03    0.53300E+03
    0.49530E-03    0.54321E+03
    0.50531E-03    0.55361E+03
    0.51552E-03    0.56421E+03
    0.52593E-03    0.57501E+03
    0.53656E-03    0.58601E+03
    0.54739E-03    0.59721E+03
    0.55845E-03    0.60862E+03
    0.56973E-03    0.62025E+03
    0.58124E-03    0.63209E+03
    0.59299E-03    0.64414E+03
    0.60496E-03    0.65642E+03
    0.61719E-03    0.66893E+03
    0.62965E-03    0.68167E+03
    0.64237E-03    0.69464E+03
    0.65535E-03    0.70785E+03
    0.66859E-03    0.72130E+03
    0.68210E-03    0.73499E+03
    0.69588E-03    0.74894E+03
    0.70993E-03    0.76314E+03
    0.72427E-03    0.77760E+03
    0.73891E-03    0.79232E+03
    0.75383E-03    0.80730E+03
    0.76906E-03    0.82256E+03
    0.78460E-03    0.83809E+03
    0.80045E-03    0.85390E+03
    0.81662E-03    0.86999E+03
    0.83311E-03    0.88637E+03
    0.84994E-03    0.90304E+03
    0.86711E-03    0.92000E+03
    0.88463E-03    0.93727E+03
    0.90250E-03    0.95484E+03
    0.92073E-03    0.97272E+03
    0.93933E-03    0.99092E+03
    0.95831E-03    0.10094E+04
    0.97767E-03    0.10283E+04
    0.99742E-03    0.10474E+04
    0.10176E-02    0.10669E+04
    0.10381E-02    0.10868E+04
    0.10591E-02    0.11069E+04
    0.10805E-02    0.11275E+04
    0.11023E-02    0.11483E+04
    0.11246E-02    0.11696E+04
    0.11473E-02    0.11912E+04
    0.11705E-02    0.12131E+04
    0.11941E-02    0.12354E+04
    0.12182E-02    0.12581E+04
    0.12429E-02    0.12812E+04
    0.12680E-02    0.13047E+04
    0.12936E-02    0.13285E+04
    0.13197E-02    0.13528E+04
    0.13464E-02    0.13774E+04
    0.13736E-02    0.14024E+04
    0.14013E-02    0.14279E+04
    0.14296E-02    0.14538E+04
    0.14585E-02    0.14800E+04
    0.14880E-02    0.15067E+04
    0.15180E-02    0.15338E+04
    0.15487E-02    0.15614E+04
    0.15800E-02    0.15894E+04
    0.16119E-02    0.16178E+04
    0.16445E-02    0.16467E+04
    0.16777E-02    0.16760E+04
    0.17116E-02    0.17057E+04
    0.17462E-02    0.17359E+04
    0.17814E-02    0.17666E+04
    0.18174E-02    0.17977E+04
    0.18541E-02    0.18293E+04
    0.18916E-02    0.18613E+04
    0.19298E-02    0.18939E+04
    0.19688E-02    0.19269E+04
    0.20086E-02    0.19603E+04
    0.20491E-02    0.19943E+04
    0.20905E-02    0.20287E+04
    0.21328E-02    0.20636E+04
    0.21758E-02    0.20990E+04
    0.22198E-02    0.21348E+04
    0.22646E-02    0.21712E+04
    0.23104E-02    0.22080E+04
    0.23571E-02    0.22454E+04
    0.24047E-02    0.22832E+04
    0.24533E-02    0.23215E+04
    0.25028E-02    0.23603E+04
    0.25534E-02    0.23996E+04
    0.26050E-02    0.24394E+04
    0.26576E-02    0.24796E+04
    0.27113E-02    0.25204E+04
    0.27660E-02    0.25616E+04
    0.28219E-02    0.26033E+04
    0.28789E-02    0.26455E+04
    0.29371E-02    0.26882E+04
    0.29964E-02    0.27314E+04
    0.30569E-02    0.27750E+04
    0.31187E-02    0.28191E+04
    0.31817E-02    0.28637E+04
    0.32460E-02    0.29087E+04
    0.33115E-02    0.29542E+04
    0.33784E-02    0.30001E+04
    0.34467E-02    0.30465E+04
    0.35163E-02    0.30933E+04
    0.35874E-02    0.31405E+04
    0.36598E-02    0.31881E+04
    0.37338E-02    0.32362E+04
    0.38092E-02    0.32846E+04
    0.38861E-02    0.33335E+04
    0.39646E-02    0.33827E+04
    0.40447E-02    0.34322E+04
    0.41264E-02    0.34822E+04
    0.42098E-02    0.35326E+04
    0.42948E-02    0.35833E+04
    0.43816E-02    0.36343E+04
    0.44701E-02    0.36856E+04
    0.45604E-02    0.37371E+04
    0.46525E-02    0.37886E+04
    0.47465E-02    0.38402E+04
    0.48424E-02    0.38919E+04
    0.49402E-02    0.39438E+04
    0.50400E-02    0.39959E+04
    0.51419E-02    0.40484E+04
    0.52457E-02    0.41012E+04
    0.53517E-02    0.41542E+04
    0.54598E-02    0.42075E+04
    0.55701E-02    0.42608E+04
    0.56826E-02    0.43142E+04
    0.57974E-02    0.43676E+04
    0.59145E-02    0.44209E+04
    0.60340E-02    0.44742E+04
    0.61559E-02    0.45274E+04
    0.62803E-02    0.45805E+04
    0.64072E-02    0.46335E+04
    0.65366E-02    0.46864E+04
    0.66686E-02    0.47391E+04
    0.68033E-02    0.47915E+04
    0.69408E-02    0.48437E+04
    0.70810E-02    0.48956E+04
    0.72240E-02    0.49472E+04
    0.73700E-02    0.49984E+04
    0.75189E-02    0.50491E+04
    0.76708E-02    0.50994E+04
    0.78257E-02    0.51492E+04
    0.79838E-02    0.51984E+04
    0.81451E-02    0.52470E+04
    0.83096E-02    0.52950E+04
    0.84775E-02    0.53423E+04
    0.86488E-02    0.53889E+04
    0.88235E-02    0.54346E+04
    0.90017E-02    0.54795E+04
    0.91836E-02    0.55235E+04
    0.93691E-02    0.55665E+04
    0.95583E-02    0.56085E+04
    0.97514E-02    0.56495E+04
    0.99484E-02    0.56893E+04
    0.10149E-01    0.57279E+04
    0.10354E-01    0.57653E+04
    0.10564E-01    0.58014E+04
    0.10777E-01    0.58361E+04
    0.10995E-01    0.58694E+04
    0.11217E-01    0.59011E+04
    0.11443E-01    0.59312E+04
    0.11675E-01    0.59597E+04
    0.11910E-01    0.59865E+04
    0.12151E-01    0.60116E+04
    0.12397E-01    0.60349E+04
    0.12647E-01    0.60564E+04
    0.12902E-01    0.60760E+04
    0.13163E-01    0.60935E+04
    0.13429E-01    0.61086E+04
    0.13700E-01    0.61213E+04
    0.13977E-01    0.61314E+04
    0.14259E-01    0.61390E+04
    0.14547E-01    0.61446E+04
    0.14841E-01    0.61484E+04
    0.15141E-01    0.61510E+04
    0.15447E-01    0.61525E+04
    0.15759E-01    0.61526E+04
    0.16077E-01    0.61506E+04
    0.16402E-01    0.61457E+04
    0.16734E-01    0.61372E+04
    0.17072E-01    0.61245E+04
    0.17416E-01    0.61078E+04
    0.17768E-01    0.60875E+04
    0.18127E-01    0.60641E+04
    0.18493E-01    0.60380E+04
    0.18867E-01    0.60096E+04
    0.19248E-01    0.59785E+04
    0.19637E-01    0.59444E+04
    0.20034E-01    0.59068E+04
    0.20438E-01    0.58653E+04
    0.20851E-01    0.58196E+04
    0.21272E-01    0.57701E+04
    0.21702E-01    0.57173E+04
    0.22141E-01    0.56617E+04
    0.22588E-01    0.56038E+04
    0.23044E-01    0.55441E+04
    0.23510E-01    0.54826E+04
    0.23985E-01    0.54192E+04
    0.24469E-01    0.53541E+04
    0.24964E-01    0.52872E+04
    0.25468E-01    0.52184E+04
    0.25982E-01    0.51477E+04
    0.26507E-01    0.50751E+04
    0.27043E-01    0.50005E+04
    0.27589E-01    0.49238E+04
    0.28146E-01    0.48451E+04
    0.28715E-01    0.47646E+04
    0.29295E-01    0.46826E+04
    0.29887E-01    0.45994E+04
    0.30490E-01    0.45151E+04
    0.31106E-01    0.44302E+04
    0.31735E-01    0.43449E+04
    0.32376E-01    0.42595E+04
    0.33030E-01    0.41745E+04
    0.33697E-01    0.40900E+04
    0.34378E-01    0.40064E+04
    0.35072E-01    0.39238E+04
    0.35781E-01    0.38425E+04
    0.36504E-01    0.37625E+04
    0.37241E-01    0.36841E+04
    0.37993E-01    0.36073E+04
    0.38761E-01    0.35324E+04
    0.39544E-01    0.34593E+04
    0.40343E-01    0.33884E+04
    0.41158E-01    0.33195E+04
    0.41989E-01    0.32530E+04
    0.42838E-01    0.31890E+04
    0.43703E-01    0.31276E+04
    0.44586E-01    0.30693E+04
    0.45486E-01    0.30140E+04
    0.46405E-01    0.29618E+04
    0.47343E-01    0.29123E+04
    0.48299E-01    0.28655E+04
    0.49275E-01    0.28210E+04
    0.50270E-01    0.27786E+04
    0.51286E-01    0.27381E+04
    0.52322E-01    0.26994E+04
    0.53379E-01    0.26623E+04
    0.54457E-01    0.26265E+04
    0.55557E-01    0.25917E+04
    0.56680E-01    0.25574E+04
    0.57825E-01    0.25233E+04
    0.58993E-01    0.24891E+04
    0.60184E-01    0.24544E+04
    0.61400E-01    0.24190E+04
    0.62641E-01    0.23825E+04
    0.63906E-01    0.23444E+04
    0.65197E-01    0.23041E+04
    0.66514E-01    0.22613E+04
    0.67858E-01    0.22162E+04
    0.69229E-01    0.21695E+04
    0.70627E-01    0.21216E+04
    0.72054E-01    0.20720E+04
    0.73510E-01    0.20193E+04
    0.74994E-01    0.19627E+04
    0.76509E-01    0.19030E+04
    0.78055E-01    0.18415E+04
    0.79632E-01    0.17791E+04
    0.81241E-01    0.17163E+04
    0.82882E-01    0.16534E+04
    0.84556E-01    0.15911E+04
    0.86264E-01    0.15301E+04
    0.88007E-01    0.14709E+04
    0.89785E-01    0.14143E+04
    0.91598E-01    0.13608E+04
    0.93449E-01    0.13109E+04
    0.95337E-01    0.12650E+04
    0.97263E-01    0.12234E+04
    0.99227E-01    0.11862E+04
    0.10123E+00    0.11533E+04
    0.10328E+00    0.11246E+04
    0.10536E+00    0.10994E+04
    0.10749E+00    0.10775E+04
    0.10966E+00    0.10581E+04
    0.11188E+00    0.10404E+04
    0.11414E+00    0.10237E+04
    0.11644E+00    0.10072E+04
    0.11880E+00    0.98996E+03
    0.12120E+00    0.97129E+03
    0.12365E+00    0.95051E+03
    0.12614E+00    0.92723E+03
    0.12869E+00    0.90125E+03
    0.13129E+00    0.87268E+03
    0.13394E+00    0.84183E+03
    0.13665E+00    0.80923E+03
    0.13941E+00    0.77556E+03
    0.14223E+00    0.74161E+03
    0.14510E+00    0.70824E+03
    0.14803E+00    0.67640E+03
    0.15102E+00    0.64694E+03
    0.15407E+00    0.62059E+03
    0.15718E+00    0.59771E+03
    0.16036E+00    0.57832E+03
    0.16360E+00    0.56207E+03
    0.16690E+00    0.54840E+03
    0.17028E+00    0.53659E+03
    0.17371E+00    0.52589E+03
    0.17722E+00    0.51547E+03
    0.18080E+00    0.50448E+03
    0.18446E+00    0.49213E+03
    0.18818E+00    0.47795E+03
    0.19198E+00    0.46186E+03
    0.19586E+00    0.44425E+03
    0.19982E+00    0.42575E+03
    0.20386E+00    0.40714E+03
    0.20797E+00    0.38916E+03
    0.21218E+00    0.37250E+03
    0.21646E+00    0.35771E+03
    0.22083E+00    0.34502E+03
    0.22530E+00    0.33436E+03
    0.22985E+00    0.32530E+03
    0.23449E+00    0.31722E+03
    0.23923E+00    0.30942E+03
    0.24406E+00    0.30124E+03
    0.24899E+00    0.29224E+03
    0.25402E+00    0.28231E+03
    0.25915E+00    0.27165E+03
    0.26439E+00    0.26072E+03
    0.26973E+00    0.25005E+03
    0.27518E+00    0.24013E+03
    0.28074E+00    0.23128E+03
    0.28641E+00    0.22359E+03
    0.29219E+00    0.21684E+03
    0.29810E+00    0.21064E+03
    0.30412E+00    0.20454E+03
    0.31026E+00    0.19824E+03
    0.31653E+00    0.19157E+03
    0.32292E+00    0.18462E+03
    0.32945E+00    0.17768E+03
    0.33610E+00    0.17107E+03
    0.34289E+00    0.16498E+03
    0.34982E+00    0.15947E+03
    0.35689E+00    0.15445E+03
    0.36409E+00    0.14969E+03
    0.37145E+00    0.14497E+03
    0.37895E+00    0.14018E+03
    0.38661E+00    0.13534E+03
    0.39442E+00    0.13058E+03
    0.40239E+00    0.12606E+03
    0.41052E+00    0.12183E+03
    0.41881E+00    0.11790E+03
    0.42727E+00    0.11416E+03
    0.43590E+00    0.11051E+03
    0.44471E+00    0.10689E+03
    0.45369E+00    0.10333E+03
    0.46286E+00    0.99887E+02
    0.47221E+00    0.96614E+02
    0.48174E+00    0.93514E+02
    0.49148E+00    0.90553E+02
    0.50141E+00    0.87676E+02
    0.51153E+00    0.84868E+02
    0.52187E+00    0.82138E+02
    0.53241E+00    0.79515E+02
    0.54317E+00    0.77006E+02
    0.55414E+00    0.74595E+02
    0.56533E+00    0.72264E+02
    0.57675E+00    0.70012E+02
    0.58840E+00    0.67839E+02
    0.60029E+00    0.65743E+02
    0.61242E+00    0.63721E+02
    0.62479E+00    0.61772E+02
    0.63741E+00    0.59893E+02
    0.65029E+00    0.58079E+02
    0.66342E+00    0.56330E+02
    0.67683E+00    0.54642E+02
    0.69050E+00    0.53013E+02
    0.70445E+00    0.51441E+02
    0.71868E+00    0.49923E+02
    0.73320E+00    0.48457E+02
    0.74801E+00    0.47042E+02
    0.76312E+00    0.45676E+02
    0.77854E+00    0.44355E+02
    0.79426E+00    0.43080E+02
    0.81031E+00    0.41847E+02
    0.82668E+00    0.40657E+02
    0.84338E+00    0.39505E+02
    0.86041E+00    0.38393E+02
    0.87780E+00    0.37317E+02
    0.89553E+00    0.36277E+02
    0.91362E+00    0.35271E+02
    0.93208E+00    0.34298E+02
    0.95091E+00    0.33356E+02
    0.97011E+00    0.32445E+02
    0.98971E+00    0.31563E+02
    0.10097E+01    0.30709E+02
    0.10301E+01    0.29882E+02
    0.10509E+01    0.29081E+02
    0.10721E+01    0.28305E+02
    0.10938E+01    0.27553E+02
    0.11159E+01    0.26824E+02
    0.11384E+01    0.26117E+02
    0.11614E+01    0.25432E+02
    0.11849E+01    0.24767E+02
    0.12088E+01    0.24122E+02
    0.12333E+01    0.23496E+02
    0.12582E+01    0.22888E+02
    0.12836E+01    0.22298E+02
    0.13095E+01    0.21725E+02
    0.13360E+01    0.21168E+02
    0.13630E+01    0.20627E+02
    0.13905E+01    0.20102E+02
    0.14186E+01    0.19591E+02
    0.14472E+01    0.19094E+02
    0.14765E+01    0.18611E+02
    0.15063E+01    0.18141E+02
    0.15367E+01    0.17683E+02
    0.15678E+01    0.17238E+02
    0.15994E+01    0.16805E+02
    0.16318E+01    0.16383E+02
    0.16647E+01    0.15973E+02
    0.16984E+01    0.15573E+02
    0.17327E+01    0.15183E+02
    0.17677E+01    0.14803E+02
    0.18034E+01    0.14433E+02
    0.18398E+01    0.14071E+02
    0.18770E+01    0.13719E+02
    0.19149E+01    0.13375E+02
    0.19536E+01    0.13039E+02
    0.19930E+01    0.12712E+02
    0.20333E+01    0.12392E+02
    0.20744E+01    0.12079E+02
    0.21163E+01    0.11774E+02
    0.21590E+01    0.11477E+02
    0.22026E+01    0.11187E+02
    0.22471E+01    0.10904E+02
    0.22925E+01    0.10628E+02
    0.23388E+01    0.10358E+02
    0.23861E+01    0.10096E+02
