    0.10000E-03    0.49994E+02
    0.10202E-03    0.50963E+02
    0.10408E-03    0.51951E+02
    0.10618E-03    0.52957E+02
    0.10833E-03    0.53983E+02
    0.11052E-03    0.55029E+02
    0.11275E-03    0.56095E+02
    0.11503E-03    0.57182E+02
    0.11735E-03    0.58290E+02
    0.11972E-03    0.59419E+02
    0.12214E-03    0.60570E+02
    0.12461E-03    0.61744E+02
    0.12712E-03    0.62940E+02
    0.12969E-03    0.64159E+02
    0.13231E-03    0.65402E+02
    0.13499E-03    0.66668E+02
    0.13771E-03    0.67960E+02
    0.14049E-03    0.69276E+02
    0.14333E-03    0.70618E+02
    0.14623E-03    0.71985E+02
    0.14918E-03    0.73379E+02
    0.15220E-03    0.74800E+02
    0.15527E-03    0.76249E+02
    0.15841E-03    0.77725E+02
    0.16161E-03    0.79230E+02
    0.16487E-03    0.80764E+02
    0.16820E-03    0.82328E+02
    0.17160E-03    0.83922E+02
    0.17507E-03    0.85547E+02
    0.17860E-03    0.87203E+02
    0.18221E-03    0.88890E+02
    0.18589E-03    0.90611E+02
    0.18965E-03    0.92365E+02
    0.19348E-03    0.94152E+02
    0.19739E-03    0.95974E+02
    0.20138E-03    0.97831E+02
    0.20544E-03    0.99724E+02
    0.20959E-03    0.10165E+03
    0.21383E-03    0.10362E+03
    0.21815E-03    0.10562E+03
    0.22255E-03    0.10767E+03
    0.22705E-03    0.10975E+03
    0.23164E-03    0.11187E+03
    0.23632E-03    0.11404E+03
    0.24109E-03    0.11624E+03
    0.24596E-03    0.11849E+03
    0.25093E-03    0.12078E+03
    0.25600E-03    0.12311E+03
    0.26117E-03    0.12549E+03
    0.26645E-03    0.12792E+03
    0.27183E-03    0.13039E+03
    0.27732E-03    0.13291E+03
    0.28292E-03    0.13548E+03
    0.28864E-03    0.13809E+03
    0.29447E-03    0.14076E+03
    0.30042E-03    0.14348E+03
    0.30649E-03    0.14625E+03
    0.31268E-03    0.14907E+03
    0.31899E-03    0.15195E+03
    0.32544E-03    0.15488E+03
    0.33201E-03    0.15787E+03
    0.33872E-03    0.16091E+03
    0.34556E-03    0.16401E+03
    0.35254E-03    0.16718E+03
    0.35966E-03    0.17040E+03
    0.36693E-03    0.17368E+03
    0.37434E-03    0.17703E+03
    0.38190E-03    0.18044E+03
    0.38962E-03    0.18391E+03
    0.39749E-03    0.18745E+03
    0.40552E-03    0.19106E+03
    0.41371E-03    0.19474E+03
    0.42207E-03    0.19848E+03
    0.43060E-03    0.20230E+03
    0.43929E-03    0.20619E+03
    0.44817E-03    0.21015E+03
    0.45722E-03    0.21419E+03
    0.46646E-03    0.21830E+03
    0.47588E-03    0.22249E+03
    0.48550E-03    0.22676E+03
    0.49530E-03    0.23111E+03
    0.50531E-03    0.23554E+03
    0.51552E-03    0.24006E+03
    0.52593E-03    0.24466E+03
    0.53656E-03    0.24934E+03
    0.54739E-03    0.25411E+03
    0.55845E-03    0.25898E+03
    0.56973E-03    0.26393E+03
    0.58124E-03    0.26897E+03
    0.59299E-03    0.27411E+03
    0.60496E-03    0.27934E+03
    0.61719E-03    0.28467E+03
    0.62965E-03    0.29010E+03
    0.64237E-03    0.29563E+03
    0.65535E-03    0.30126E+03
    0.66859E-03    0.30699E+03
    0.68210E-03    0.31283E+03
    0.69588E-03    0.31877E+03
    0.70993E-03    0.32482E+03
    0.72427E-03    0.33099E+03
    0.73891E-03    0.33726E+03
    0.75383E-03    0.34365E+03
    0.76906E-03    0.35016E+03
    0.78460E-03    0.35678E+03
    0.80045E-03    0.36352E+03
    0.81662E-03    0.37038E+03
    0.83311E-03    0.37737E+03
    0.84994E-03    0.38448E+03
    0.86711E-03    0.39171E+03
    0.88463E-03    0.39908E+03
    0.90250E-03    0.40657E+03
    0.92073E-03    0.41420E+03
    0.93933E-03    0.42196E+03
    0.95831E-03    0.42986E+03
    0.97767E-03    0.43789E+03
    0.99742E-03    0.44607E+03
    0.10176E-02    0.45439E+03
    0.10381E-02    0.46285E+03
    0.10591E-02    0.47146E+03
    0.10805E-02    0.48021E+03
    0.11023E-02    0.48912E+03
    0.11246E-02    0.49817E+03
    0.11473E-02    0.50738E+03
    0.11705E-02    0.51675E+03
    0.11941E-02    0.52627E+03
    0.12182E-02    0.53595E+03
    0.12429E-02    0.54580E+03
    0.12680E-02    0.55581E+03
    0.12936E-02    0.56598E+03
    0.13197E-02    0.57632E+03
    0.13464E-02    0.58683E+03
    0.13736E-02    0.59752E+03
    0.14013E-02    0.60837E+03
    0.14296E-02    0.61940E+03
    0.14585E-02    0.63061E+03
    0.14880E-02    0.64200E+03
    0.15180E-02    0.65356E+03
    0.15487E-02    0.66531E+03
    0.15800E-02    0.67725E+03
    0.16119E-02    0.68937E+03
    0.16445E-02    0.70168E+03
    0.16777E-02    0.71418E+03
    0.17116E-02    0.72686E+03
    0.17462E-02    0.73975E+03
    0.17814E-02    0.75282E+03
    0.18174E-02    0.76609E+03
    0.18541E-02    0.77956E+03
    0.18916E-02    0.79323E+03
    0.19298E-02    0.80710E+03
    0.19688E-02    0.82116E+03
    0.20086E-02    0.83543E+03
    0.20491E-02    0.84991E+03
    0.20905E-02    0.86458E+03
    0.21328E-02    0.87947E+03
    0.21758E-02    0.89456E+03
    0.22198E-02    0.90985E+03
    0.22646E-02    0.92535E+03
    0.23104E-02    0.94106E+03
    0.23571E-02    0.95698E+03
    0.24047E-02    0.97311E+03
    0.24533E-02    0.98945E+03
    0.25028E-02    0.10060E+04
    0.25534E-02    0.10227E+04
    0.26050E-02    0.10397E+04
    0.26576E-02    0.10569E+04
    0.27113E-02    0.10743E+04
    0.27660E-02    0.10918E+04
    0.28219E-02    0.11096E+04
    0.28789E-02    0.11276E+04
    0.29371E-02    0.11458E+04
    0.29964E-02    0.11642E+04
    0.30569E-02    0.11828E+04
    0.31187E-02    0.12016E+04
    0.31817E-02    0.12206E+04
    0.32460E-02    0.12398E+04
    0.33115E-02    0.12592E+04
    0.33784E-02    0.12788E+04
    0.34467E-02    0.12986E+04
    0.35163E-02    0.13185E+04
    0.35874E-02    0.13386E+04
    0.36598E-02    0.13590E+04
    0.37338E-02    0.13795E+04
    0.38092E-02    0.14001E+04
    0.38861E-02    0.14209E+04
    0.39646E-02    0.14419E+04
    0.40447E-02    0.14631E+04
    0.41264E-02    0.14844E+04
    0.42098E-02    0.15058E+04
    0.42948E-02    0.15274E+04
    0.43816E-02    0.15491E+04
    0.44701E-02    0.15710E+04
    0.45604E-02    0.15930E+04
    0.46525E-02    0.16150E+04
    0.47465E-02    0.16371E+04
    0.48424E-02    0.16593E+04
    0.49402E-02    0.16816E+04
    0.50400E-02    0.17040E+04
    0.51419E-02    0.17265E+04
    0.52457E-02    0.17491E+04
    0.53517E-02    0.17717E+04
    0.54598E-02    0.17944E+04
    0.55701E-02    0.18171E+04
    0.56826E-02    0.18399E+04
    0.57974E-02    0.18627E+04
    0.59145E-02    0.18854E+04
    0.60340E-02    0.19082E+04
    0.61559E-02    0.19309E+04
    0.62803E-02    0.19536E+04
    0.64072E-02    0.19762E+04
    0.65366E-02    0.19988E+04
    0.66686E-02    0.20213E+04
    0.68033E-02    0.20437E+04
    0.69408E-02    0.20660E+04
    0.70810E-02    0.20881E+04
    0.72240E-02    0.21101E+04
    0.73700E-02    0.21320E+04
    0.75189E-02    0.21537E+04
    0.76708E-02    0.21752E+04
    0.78257E-02    0.21964E+04
    0.79838E-02    0.22174E+04
    0.81451E-02    0.22382E+04
    0.83096E-02    0.22587E+04
    0.84775E-02    0.22789E+04
    0.86488E-02    0.22988E+04
    0.88235E-02    0.23183E+04
    0.90017E-02    0.23375E+04
    0.91836E-02    0.23563E+04
    0.93691E-02    0.23747E+04
    0.95583E-02    0.23927E+04
    0.97514E-02    0.24102E+04
    0.99484E-02    0.24272E+04
    0.10149E-01    0.24437E+04
    0.10354E-01    0.24597E+04
    0.10564E-01    0.24751E+04
    0.10777E-01    0.24900E+04
    0.10995E-01    0.25042E+04
    0.11217E-01    0.25178E+04
    0.11443E-01    0.25307E+04
    0.11675E-01    0.25429E+04
    0.11910E-01    0.25543E+04
    0.12151E-01    0.25651E+04
    0.12397E-01    0.25751E+04
    0.12647E-01    0.25843E+04
    0.12902E-01    0.25927E+04
    0.13163E-01    0.26002E+04
    0.13429E-01    0.26067E+04
    0.13700E-01    0.26122E+04
    0.13977E-01    0.26165E+04
    0.14259E-01    0.26198E+04
    0.14547E-01    0.26222E+04
    0.14841E-01    0.26239E+04
    0.15141E-01    0.26251E+04
    0.15447E-01    0.26258E+04
    0.15759E-01    0.26259E+04
    0.16077E-01    0.26251E+04
    0.16402E-01    0.26230E+04
    0.16734E-01    0.26194E+04
    0.17072E-01    0.26141E+04
    0.17416E-01    0.26070E+04
    0.17768E-01    0.25984E+04
    0.18127E-01    0.25884E+04
    0.18493E-01    0.25773E+04
    0.18867E-01    0.25652E+04
    0.19248E-01    0.25520E+04
    0.19637E-01    0.25375E+04
    0.20034E-01    0.25215E+04
    0.20438E-01    0.25038E+04
    0.20851E-01    0.24843E+04
    0.21272E-01    0.24632E+04
    0.21702E-01    0.24407E+04
    0.22141E-01    0.24170E+04
    0.22588E-01    0.23923E+04
    0.23044E-01    0.23669E+04
    0.23510E-01    0.23406E+04
    0.23985E-01    0.23136E+04
    0.24469E-01    0.22858E+04
    0.24964E-01    0.22572E+04
    0.25468E-01    0.22279E+04
    0.25982E-01    0.21977E+04
    0.26507E-01    0.21667E+04
    0.27043E-01    0.21348E+04
    0.27589E-01    0.21021E+04
    0.28146E-01    0.20685E+04
    0.28715E-01    0.20341E+04
    0.29295E-01    0.19990E+04
    0.29887E-01    0.19635E+04
    0.30490E-01    0.19275E+04
    0.31106E-01    0.18911E+04
    0.31735E-01    0.18547E+04
    0.32376E-01    0.18182E+04
    0.33030E-01    0.17818E+04
    0.33697E-01    0.17457E+04
    0.34378E-01    0.17099E+04
    0.35072E-01    0.16746E+04
    0.35781E-01    0.16397E+04
    0.36504E-01    0.16055E+04
    0.37241E-01    0.15719E+04
    0.37993E-01    0.15391E+04
    0.38761E-01    0.15070E+04
    0.39544E-01    0.14757E+04
    0.40343E-01    0.14453E+04
    0.41158E-01    0.14158E+04
    0.41989E-01    0.13873E+04
    0.42838E-01    0.13598E+04
    0.43703E-01    0.13336E+04
    0.44586E-01    0.13085E+04
    0.45486E-01    0.12848E+04
    0.46405E-01    0.12624E+04
    0.47343E-01    0.12412E+04
    0.48299E-01    0.12211E+04
    0.49275E-01    0.12020E+04
    0.50270E-01    0.11838E+04
    0.51286E-01    0.11665E+04
    0.52322E-01    0.11499E+04
    0.53379E-01    0.11339E+04
    0.54457E-01    0.11186E+04
    0.55557E-01    0.11036E+04
    0.56680E-01    0.10889E+04
    0.57825E-01    0.10743E+04
    0.58993E-01    0.10596E+04
    0.60184E-01    0.10447E+04
    0.61400E-01    0.10295E+04
    0.62641E-01    0.10139E+04
    0.63906E-01    0.99751E+03
    0.65197E-01    0.98022E+03
    0.66514E-01    0.96183E+03
    0.67858E-01    0.94246E+03
    0.69229E-01    0.92239E+03
    0.70627E-01    0.90184E+03
    0.72054E-01    0.88050E+03
    0.73510E-01    0.85785E+03
    0.74994E-01    0.83352E+03
    0.76509E-01    0.80784E+03
    0.78055E-01    0.78136E+03
    0.79632E-01    0.75451E+03
    0.81241E-01    0.72746E+03
    0.82882E-01    0.70039E+03
    0.84556E-01    0.67355E+03
    0.86264E-01    0.64723E+03
    0.88007E-01    0.62173E+03
    0.89785E-01    0.59733E+03
    0.91598E-01    0.57427E+03
    0.93449E-01    0.55277E+03
    0.95337E-01    0.53299E+03
    0.97263E-01    0.51506E+03
    0.99227E-01    0.49903E+03
    0.10123E+00    0.48486E+03
    0.10328E+00    0.47248E+03
    0.10536E+00    0.46169E+03
    0.10749E+00    0.45227E+03
    0.10966E+00    0.44395E+03
    0.11188E+00    0.43639E+03
    0.11414E+00    0.42926E+03
    0.11644E+00    0.42220E+03
    0.11880E+00    0.41484E+03
    0.12120E+00    0.40685E+03
    0.12365E+00    0.39795E+03
    0.12614E+00    0.38797E+03
    0.12869E+00    0.37680E+03
    0.13129E+00    0.36450E+03
    0.13394E+00    0.35121E+03
    0.13665E+00    0.33715E+03
    0.13941E+00    0.32261E+03
    0.14223E+00    0.30794E+03
    0.14510E+00    0.29353E+03
    0.14803E+00    0.27977E+03
    0.15102E+00    0.26705E+03
    0.15407E+00    0.25568E+03
    0.15718E+00    0.24582E+03
    0.16036E+00    0.23749E+03
    0.16360E+00    0.23053E+03
    0.16690E+00    0.22470E+03
    0.17028E+00    0.21968E+03
    0.17371E+00    0.21515E+03
    0.17722E+00    0.21075E+03
    0.18080E+00    0.20609E+03
    0.18446E+00    0.20084E+03
    0.18818E+00    0.19478E+03
    0.19198E+00    0.18787E+03
    0.19586E+00    0.18029E+03
    0.19982E+00    0.17232E+03
    0.20386E+00    0.16429E+03
    0.20797E+00    0.15654E+03
    0.21218E+00    0.14936E+03
    0.21646E+00    0.14300E+03
    0.22083E+00    0.13756E+03
    0.22530E+00    0.13302E+03
    0.22985E+00    0.12918E+03
    0.23449E+00    0.12578E+03
    0.23923E+00    0.12250E+03
    0.24406E+00    0.11905E+03
    0.24899E+00    0.11523E+03
    0.25402E+00    0.11100E+03
    0.25915E+00    0.10644E+03
    0.26439E+00    0.10175E+03
    0.26973E+00    0.97181E+02
    0.27518E+00    0.92934E+02
    0.28074E+00    0.89165E+02
    0.28641E+00    0.85907E+02
    0.29219E+00    0.83066E+02
    0.29810E+00    0.80465E+02
    0.30412E+00    0.77913E+02
    0.31026E+00    0.75263E+02
    0.31653E+00    0.72449E+02
    0.32292E+00    0.69507E+02
    0.32945E+00    0.66564E+02
    0.33610E+00    0.63765E+02
    0.34289E+00    0.61197E+02
    0.34982E+00    0.58887E+02
    0.35689E+00    0.56795E+02
    0.36409E+00    0.54818E+02
    0.37145E+00    0.52855E+02
    0.37895E+00    0.50859E+02
    0.38661E+00    0.48838E+02
    0.39442E+00    0.46850E+02
    0.40239E+00    0.44964E+02
    0.41052E+00    0.43213E+02
    0.41881E+00    0.41592E+02
    0.42727E+00    0.40057E+02
    0.43590E+00    0.38558E+02
    0.44471E+00    0.37073E+02
    0.45369E+00    0.35609E+02
    0.46286E+00    0.34197E+02
    0.47221E+00    0.32862E+02
    0.48174E+00    0.31602E+02
    0.49148E+00    0.30404E+02
    0.50141E+00    0.29243E+02
    0.51153E+00    0.28111E+02
    0.52187E+00    0.27012E+02
    0.53241E+00    0.25960E+02
    0.54317E+00    0.24958E+02
    0.55414E+00    0.23999E+02
    0.56533E+00    0.23075E+02
    0.57675E+00    0.22186E+02
    0.58840E+00    0.21331E+02
    0.60029E+00    0.20509E+02
    0.61242E+00    0.19720E+02
    0.62479E+00    0.18962E+02
    0.63741E+00    0.18235E+02
    0.65029E+00    0.17537E+02
    0.66342E+00    0.16866E+02
    0.67683E+00    0.16222E+02
    0.69050E+00    0.15604E+02
    0.70445E+00    0.15011E+02
    0.71868E+00    0.14441E+02
    0.73320E+00    0.13893E+02
    0.74801E+00    0.13368E+02
    0.76312E+00    0.12863E+02
    0.77854E+00    0.12379E+02
    0.79426E+00    0.11913E+02
    0.81031E+00    0.11467E+02
    0.82668E+00    0.11038E+02
    0.84338E+00    0.10626E+02
    0.86041E+00    0.10231E+02
    0.87780E+00    0.98522E+01
    0.89553E+00    0.94882E+01
    0.91362E+00    0.91387E+01
    0.93208E+00    0.88033E+01
    0.95091E+00    0.84813E+01
    0.97011E+00    0.81722E+01
    0.98971E+00    0.78754E+01
    0.10097E+01    0.75905E+01
    0.10301E+01    0.73170E+01
    0.10509E+01    0.70544E+01
    0.10721E+01    0.68022E+01
    0.10938E+01    0.65600E+01
    0.11159E+01    0.63275E+01
    0.11384E+01    0.61042E+01
    0.11614E+01    0.58897E+01
    0.11849E+01    0.56837E+01
    0.12088E+01    0.54859E+01
    0.12333E+01    0.52958E+01
    0.12582E+01    0.51132E+01
    0.12836E+01    0.49378E+01
    0.13095E+01    0.47693E+01
    0.13360E+01    0.46074E+01
    0.13630E+01    0.44517E+01
    0.13905E+01    0.43022E+01
    0.14186E+01    0.41584E+01
    0.14472E+01    0.40201E+01
    0.14765E+01    0.38872E+01
    0.15063E+01    0.37593E+01
    0.15367E+01    0.36363E+01
    0.15678E+01    0.35180E+01
    0.15994E+01    0.34041E+01
    0.16318E+01    0.32945E+01
    0.16647E+01    0.31890E+01
    0.16984E+01    0.30874E+01
    0.17327E+01    0.29897E+01
    0.17677E+01    0.28956E+01
    0.18034E+01    0.28050E+01
    0.18398E+01    0.27178E+01
    0.18770E+01    0.26339E+01
    0.19149E+01    0.25531E+01
    0.19536E+01    0.24753E+01
    0.19930E+01    0.24004E+01
    0.20333E+01    0.23283E+01
    0.20744E+01    0.22588E+01
    0.21163E+01    0.21917E+01
    0.21590E+01    0.21269E+01
    0.22026E+01    0.20643E+01
    0.22471E+01    0.20038E+01
    0.22925E+01    0.19451E+01
    0.23388E+01    0.18883E+01
    0.23861E+01    0.18332E+01
