    0.10000E-03    0.50342E+03
    0.10202E-03    0.51318E+03
    0.10408E-03    0.52312E+03
    0.10618E-03    0.53325E+03
    0.10833E-03    0.54358E+03
    0.11052E-03    0.55411E+03
    0.11275E-03    0.56485E+03
    0.11503E-03    0.57579E+03
    0.11735E-03    0.58694E+03
    0.11972E-03    0.59831E+03
    0.12214E-03    0.60990E+03
    0.12461E-03    0.62171E+03
    0.12712E-03    0.63375E+03
    0.12969E-03    0.64602E+03
    0.13231E-03    0.65853E+03
    0.13499E-03    0.67129E+03
    0.13771E-03    0.68429E+03
    0.14049E-03    0.69754E+03
    0.14333E-03    0.71104E+03
    0.14623E-03    0.72481E+03
    0.14918E-03    0.73884E+03
    0.15220E-03    0.75314E+03
    0.15527E-03    0.76772E+03
    0.15841E-03    0.78258E+03
    0.16161E-03    0.79773E+03
    0.16487E-03    0.81317E+03
    0.16820E-03    0.82891E+03
    0.17160E-03    0.84495E+03
    0.17507E-03    0.86130E+03
    0.17860E-03    0.87796E+03
    0.18221E-03    0.89495E+03
    0.18589E-03    0.91227E+03
    0.18965E-03    0.92991E+03
    0.19348E-03    0.94790E+03
    0.19739E-03    0.96623E+03
    0.20138E-03    0.98492E+03
    0.20544E-03    0.10040E+04
    0.20959E-03    0.10234E+04
    0.21383E-03    0.10432E+04
    0.21815E-03    0.10633E+04
    0.22255E-03    0.10839E+04
    0.22705E-03    0.11048E+04
    0.23164E-03    0.11262E+04
    0.23632E-03    0.11479E+04
    0.24109E-03    0.11701E+04
    0.24596E-03    0.11927E+04
    0.25093E-03    0.12158E+04
    0.25600E-03    0.12392E+04
    0.26117E-03    0.12632E+04
    0.26645E-03    0.12876E+04
    0.27183E-03    0.13124E+04
    0.27732E-03    0.13378E+04
    0.28292E-03    0.13636E+04
    0.28864E-03    0.13899E+04
    0.29447E-03    0.14167E+04
    0.30042E-03    0.14440E+04
    0.30649E-03    0.14719E+04
    0.31268E-03    0.15002E+04
    0.31899E-03    0.15291E+04
    0.32544E-03    0.15586E+04
    0.33201E-03    0.15886E+04
    0.33872E-03    0.16192E+04
    0.34556E-03    0.16504E+04
    0.35254E-03    0.16822E+04
    0.35966E-03    0.17146E+04
    0.36693E-03    0.17476E+04
    0.37434E-03    0.17812E+04
    0.38190E-03    0.18154E+04
    0.38962E-03    0.18503E+04
    0.39749E-03    0.18859E+04
    0.40552E-03    0.19221E+04
    0.41371E-03    0.19590E+04
    0.42207E-03    0.19966E+04
    0.43060E-03    0.20350E+04
    0.43929E-03    0.20740E+04
    0.44817E-03    0.21138E+04
    0.45722E-03    0.21543E+04
    0.46646E-03    0.21956E+04
    0.47588E-03    0.22376E+04
    0.48550E-03    0.22805E+04
    0.49530E-03    0.23241E+04
    0.50531E-03    0.23686E+04
    0.51552E-03    0.24139E+04
    0.52593E-03    0.24600E+04
    0.53656E-03    0.25070E+04
    0.54739E-03    0.25548E+04
    0.55845E-03    0.26036E+04
    0.56973E-03    0.26532E+04
    0.58124E-03    0.27038E+04
    0.59299E-03    0.27553E+04
    0.60496E-03    0.28077E+04
    0.61719E-03    0.28611E+04
    0.62965E-03    0.29155E+04
    0.64237E-03    0.29709E+04
    0.65535E-03    0.30273E+04
    0.66859E-03    0.30848E+04
    0.68210E-03    0.31432E+04
    0.69588E-03    0.32028E+04
    0.70993E-03    0.32634E+04
    0.72427E-03    0.33251E+04
    0.73891E-03    0.33880E+04
    0.75383E-03    0.34519E+04
    0.76906E-03    0.35171E+04
    0.78460E-03    0.35834E+04
    0.80045E-03    0.36509E+04
    0.81662E-03    0.37196E+04
    0.83311E-03    0.37895E+04
    0.84994E-03    0.38606E+04
    0.86711E-03    0.39331E+04
    0.88463E-03    0.40068E+04
    0.90250E-03    0.40818E+04
    0.92073E-03    0.41581E+04
    0.93933E-03    0.42358E+04
    0.95831E-03    0.43149E+04
    0.97767E-03    0.43953E+04
    0.99742E-03    0.44771E+04
    0.10176E-02    0.45603E+04
    0.10381E-02    0.46450E+04
    0.10591E-02    0.47312E+04
    0.10805E-02    0.48188E+04
    0.11023E-02    0.49079E+04
    0.11246E-02    0.49985E+04
    0.11473E-02    0.50907E+04
    0.11705E-02    0.51844E+04
    0.11941E-02    0.52798E+04
    0.12182E-02    0.53767E+04
    0.12429E-02    0.54752E+04
    0.12680E-02    0.55754E+04
    0.12936E-02    0.56773E+04
    0.13197E-02    0.57808E+04
    0.13464E-02    0.58860E+04
    0.13736E-02    0.59929E+04
    0.14013E-02    0.61016E+04
    0.14296E-02    0.62121E+04
    0.14585E-02    0.63243E+04
    0.14880E-02    0.64383E+04
    0.15180E-02    0.65541E+04
    0.15487E-02    0.66717E+04
    0.15800E-02    0.67913E+04
    0.16119E-02    0.69126E+04
    0.16445E-02    0.70359E+04
    0.16777E-02    0.71610E+04
    0.17116E-02    0.72881E+04
    0.17462E-02    0.74171E+04
    0.17814E-02    0.75481E+04
    0.18174E-02    0.76810E+04
    0.18541E-02    0.78159E+04
    0.18916E-02    0.79527E+04
    0.19298E-02    0.80916E+04
    0.19688E-02    0.82325E+04
    0.20086E-02    0.83755E+04
    0.20491E-02    0.85204E+04
    0.20905E-02    0.86674E+04
    0.21328E-02    0.88165E+04
    0.21758E-02    0.89676E+04
    0.22198E-02    0.91208E+04
    0.22646E-02    0.92761E+04
    0.23104E-02    0.94335E+04
    0.23571E-02    0.95929E+04
    0.24047E-02    0.97544E+04
    0.24533E-02    0.99181E+04
    0.25028E-02    0.10084E+05
    0.25534E-02    0.10252E+05
    0.26050E-02    0.10422E+05
    0.26576E-02    0.10593E+05
    0.27113E-02    0.10768E+05
    0.27660E-02    0.10944E+05
    0.28219E-02    0.11122E+05
    0.28789E-02    0.11302E+05
    0.29371E-02    0.11484E+05
    0.29964E-02    0.11669E+05
    0.30569E-02    0.11855E+05
    0.31187E-02    0.12044E+05
    0.31817E-02    0.12234E+05
    0.32460E-02    0.12426E+05
    0.33115E-02    0.12620E+05
    0.33784E-02    0.12817E+05
    0.34467E-02    0.13015E+05
    0.35163E-02    0.13215E+05
    0.35874E-02    0.13417E+05
    0.36598E-02    0.13620E+05
    0.37338E-02    0.13825E+05
    0.38092E-02    0.14032E+05
    0.38861E-02    0.14240E+05
    0.39646E-02    0.14450E+05
    0.40447E-02    0.14662E+05
    0.41264E-02    0.14875E+05
    0.42098E-02    0.15091E+05
    0.42948E-02    0.15310E+05
    0.43816E-02    0.15529E+05
    0.44701E-02    0.15749E+05
    0.45604E-02    0.15967E+05
    0.46525E-02    0.16183E+05
    0.47465E-02    0.16397E+05
    0.48424E-02    0.16609E+05
    0.49402E-02    0.16821E+05
    0.50400E-02    0.17034E+05
    0.51419E-02    0.17252E+05
    0.52457E-02    0.17473E+05
    0.53517E-02    0.17698E+05
    0.54598E-02    0.17925E+05
    0.55701E-02    0.18153E+05
    0.56826E-02    0.18381E+05
    0.57974E-02    0.18608E+05
    0.59145E-02    0.18835E+05
    0.60340E-02    0.19060E+05
    0.61559E-02    0.19285E+05
    0.62803E-02    0.19510E+05
    0.64072E-02    0.19734E+05
    0.65366E-02    0.19958E+05
    0.66686E-02    0.20182E+05
    0.68033E-02    0.20404E+05
    0.69408E-02    0.20625E+05
    0.70810E-02    0.20845E+05
    0.72240E-02    0.21063E+05
    0.73700E-02    0.21279E+05
    0.75189E-02    0.21494E+05
    0.76708E-02    0.21706E+05
    0.78257E-02    0.21916E+05
    0.79838E-02    0.22124E+05
    0.81451E-02    0.22330E+05
    0.83096E-02    0.22532E+05
    0.84775E-02    0.22732E+05
    0.86488E-02    0.22928E+05
    0.88235E-02    0.23121E+05
    0.90017E-02    0.23310E+05
    0.91836E-02    0.23495E+05
    0.93691E-02    0.23676E+05
    0.95583E-02    0.23852E+05
    0.97514E-02    0.24024E+05
    0.99484E-02    0.24192E+05
    0.10149E-01    0.24354E+05
    0.10354E-01    0.24510E+05
    0.10564E-01    0.24661E+05
    0.10777E-01    0.24806E+05
    0.10995E-01    0.24945E+05
    0.11217E-01    0.25077E+05
    0.11443E-01    0.25203E+05
    0.11675E-01    0.25321E+05
    0.11910E-01    0.25432E+05
    0.12151E-01    0.25536E+05
    0.12397E-01    0.25632E+05
    0.12647E-01    0.25720E+05
    0.12902E-01    0.25801E+05
    0.13163E-01    0.25872E+05
    0.13429E-01    0.25933E+05
    0.13700E-01    0.25984E+05
    0.13977E-01    0.26023E+05
    0.14259E-01    0.26052E+05
    0.14547E-01    0.26072E+05
    0.14841E-01    0.26085E+05
    0.15141E-01    0.26093E+05
    0.15447E-01    0.26095E+05
    0.15759E-01    0.26092E+05
    0.16077E-01    0.26080E+05
    0.16402E-01    0.26055E+05
    0.16734E-01    0.26015E+05
    0.17072E-01    0.25958E+05
    0.17416E-01    0.25883E+05
    0.17768E-01    0.25793E+05
    0.18127E-01    0.25690E+05
    0.18493E-01    0.25575E+05
    0.18867E-01    0.25450E+05
    0.19248E-01    0.25315E+05
    0.19637E-01    0.25166E+05
    0.20034E-01    0.25003E+05
    0.20438E-01    0.24823E+05
    0.20851E-01    0.24625E+05
    0.21272E-01    0.24411E+05
    0.21702E-01    0.24184E+05
    0.22141E-01    0.23944E+05
    0.22588E-01    0.23695E+05
    0.23044E-01    0.23439E+05
    0.23510E-01    0.23174E+05
    0.23985E-01    0.22902E+05
    0.24469E-01    0.22623E+05
    0.24964E-01    0.22336E+05
    0.25468E-01    0.22041E+05
    0.25982E-01    0.21739E+05
    0.26507E-01    0.21428E+05
    0.27043E-01    0.21109E+05
    0.27589E-01    0.20782E+05
    0.28146E-01    0.20446E+05
    0.28715E-01    0.20103E+05
    0.29295E-01    0.19753E+05
    0.29887E-01    0.19398E+05
    0.30490E-01    0.19040E+05
    0.31106E-01    0.18679E+05
    0.31735E-01    0.18316E+05
    0.32376E-01    0.17953E+05
    0.33030E-01    0.17592E+05
    0.33697E-01    0.17233E+05
    0.34378E-01    0.16878E+05
    0.35072E-01    0.16528E+05
    0.35781E-01    0.16183E+05
    0.36504E-01    0.15844E+05
    0.37241E-01    0.15512E+05
    0.37993E-01    0.15187E+05
    0.38761E-01    0.14870E+05
    0.39544E-01    0.14561E+05
    0.40343E-01    0.14261E+05
    0.41158E-01    0.13970E+05
    0.41989E-01    0.13689E+05
    0.42838E-01    0.13418E+05
    0.43703E-01    0.13159E+05
    0.44586E-01    0.12913E+05
    0.45486E-01    0.12680E+05
    0.46405E-01    0.12459E+05
    0.47343E-01    0.12251E+05
    0.48299E-01    0.12053E+05
    0.49275E-01    0.11865E+05
    0.50270E-01    0.11686E+05
    0.51286E-01    0.11516E+05
    0.52322E-01    0.11353E+05
    0.53379E-01    0.11196E+05
    0.54457E-01    0.11045E+05
    0.55557E-01    0.10899E+05
    0.56680E-01    0.10754E+05
    0.57825E-01    0.10611E+05
    0.58993E-01    0.10468E+05
    0.60184E-01    0.10322E+05
    0.61400E-01    0.10174E+05
    0.62641E-01    0.10021E+05
    0.63906E-01    0.98620E+04
    0.65197E-01    0.96942E+04
    0.66514E-01    0.95159E+04
    0.67858E-01    0.93286E+04
    0.69229E-01    0.91348E+04
    0.70627E-01    0.89366E+04
    0.72054E-01    0.87311E+04
    0.73510E-01    0.85134E+04
    0.74994E-01    0.82799E+04
    0.76509E-01    0.80339E+04
    0.78055E-01    0.77806E+04
    0.79632E-01    0.75241E+04
    0.81241E-01    0.72661E+04
    0.82882E-01    0.70082E+04
    0.84556E-01    0.67528E+04
    0.86264E-01    0.65028E+04
    0.88007E-01    0.62609E+04
    0.89785E-01    0.60297E+04
    0.91598E-01    0.58116E+04
    0.93449E-01    0.56084E+04
    0.95337E-01    0.54217E+04
    0.97263E-01    0.52527E+04
    0.99227E-01    0.51018E+04
    0.10123E+00    0.49685E+04
    0.10328E+00    0.48522E+04
    0.10536E+00    0.47509E+04
    0.10749E+00    0.46625E+04
    0.10966E+00    0.45845E+04
    0.11188E+00    0.45137E+04
    0.11414E+00    0.44469E+04
    0.11644E+00    0.43808E+04
    0.11880E+00    0.43119E+04
    0.12120E+00    0.42372E+04
    0.12365E+00    0.41540E+04
    0.12614E+00    0.40606E+04
    0.12869E+00    0.39564E+04
    0.13129E+00    0.38416E+04
    0.13394E+00    0.37177E+04
    0.13665E+00    0.35867E+04
    0.13941E+00    0.34515E+04
    0.14223E+00    0.33152E+04
    0.14510E+00    0.31814E+04
    0.14803E+00    0.30539E+04
    0.15102E+00    0.29361E+04
    0.15407E+00    0.28308E+04
    0.15718E+00    0.27396E+04
    0.16036E+00    0.26624E+04
    0.16360E+00    0.25979E+04
    0.16690E+00    0.25436E+04
    0.17028E+00    0.24968E+04
    0.17371E+00    0.24544E+04
    0.17722E+00    0.24132E+04
    0.18080E+00    0.23695E+04
    0.18446E+00    0.23204E+04
    0.18818E+00    0.22640E+04
    0.19198E+00    0.21998E+04
    0.19586E+00    0.21296E+04
    0.19982E+00    0.20558E+04
    0.20386E+00    0.19817E+04
    0.20797E+00    0.19100E+04
    0.21218E+00    0.18437E+04
    0.21646E+00    0.17848E+04
    0.22083E+00    0.17342E+04
    0.22530E+00    0.16915E+04
    0.22985E+00    0.16552E+04
    0.23449E+00    0.16227E+04
    0.23923E+00    0.15912E+04
    0.24406E+00    0.15581E+04
    0.24899E+00    0.15218E+04
    0.25402E+00    0.14818E+04
    0.25915E+00    0.14390E+04
    0.26439E+00    0.13951E+04
    0.26973E+00    0.13523E+04
    0.27518E+00    0.13123E+04
    0.28074E+00    0.12766E+04
    0.28641E+00    0.12452E+04
    0.29219E+00    0.12175E+04
    0.29810E+00    0.11918E+04
    0.30412E+00    0.11665E+04
    0.31026E+00    0.11403E+04
    0.31653E+00    0.11128E+04
    0.32292E+00    0.10842E+04
    0.32945E+00    0.10556E+04
    0.33610E+00    0.10283E+04
    0.34289E+00    0.10030E+04
    0.34982E+00    0.97978E+03
    0.35689E+00    0.95839E+03
    0.36409E+00    0.93794E+03
    0.37145E+00    0.91762E+03
    0.37895E+00    0.89704E+03
    0.38661E+00    0.87629E+03
    0.39442E+00    0.85585E+03
    0.40239E+00    0.83625E+03
    0.41052E+00    0.81775E+03
    0.41881E+00    0.80028E+03
    0.42727E+00    0.78351E+03
    0.43590E+00    0.76704E+03
    0.44471E+00    0.75070E+03
    0.45369E+00    0.73456E+03
    0.46286E+00    0.71886E+03
    0.47221E+00    0.70375E+03
    0.48174E+00    0.68924E+03
    0.49148E+00    0.67521E+03
    0.50141E+00    0.66147E+03
    0.51153E+00    0.64799E+03
    0.52187E+00    0.63478E+03
    0.53241E+00    0.62194E+03
    0.54317E+00    0.60949E+03
    0.55414E+00    0.59737E+03
    0.56533E+00    0.58552E+03
    0.57675E+00    0.57395E+03
    0.58840E+00    0.56265E+03
    0.60029E+00    0.55160E+03
    0.61242E+00    0.54081E+03
    0.62479E+00    0.53027E+03
    0.63741E+00    0.51995E+03
    0.65029E+00    0.50986E+03
    0.66342E+00    0.49999E+03
    0.67683E+00    0.49032E+03
    0.69050E+00    0.48085E+03
    0.70445E+00    0.47156E+03
    0.71868E+00    0.46246E+03
    0.73320E+00    0.45354E+03
    0.74801E+00    0.44478E+03
    0.76312E+00    0.43618E+03
    0.77854E+00    0.42774E+03
    0.79426E+00    0.41945E+03
    0.81031E+00    0.41131E+03
    0.82668E+00    0.40330E+03
    0.84338E+00    0.39543E+03
    0.86041E+00    0.38769E+03
    0.87780E+00    0.38008E+03
    0.89553E+00    0.37259E+03
    0.91362E+00    0.36522E+03
    0.93208E+00    0.35796E+03
    0.95091E+00    0.35081E+03
    0.97011E+00    0.34378E+03
    0.98971E+00    0.33684E+03
    0.10097E+01    0.33002E+03
    0.10301E+01    0.32329E+03
    0.10509E+01    0.31666E+03
    0.10721E+01    0.31012E+03
    0.10938E+01    0.30368E+03
    0.11159E+01    0.29733E+03
    0.11384E+01    0.29107E+03
    0.11614E+01    0.28489E+03
    0.11849E+01    0.27881E+03
    0.12088E+01    0.27280E+03
    0.12333E+01    0.26688E+03
    0.12582E+01    0.26104E+03
    0.12836E+01    0.25528E+03
    0.13095E+01    0.24960E+03
    0.13360E+01    0.24400E+03
    0.13630E+01    0.23848E+03
    0.13905E+01    0.23303E+03
    0.14186E+01    0.22766E+03
    0.14472E+01    0.22237E+03
    0.14765E+01    0.21715E+03
    0.15063E+01    0.21201E+03
    0.15367E+01    0.20695E+03
    0.15678E+01    0.20197E+03
    0.15994E+01    0.19706E+03
    0.16318E+01    0.19223E+03
    0.16647E+01    0.18748E+03
    0.16984E+01    0.18280E+03
    0.17327E+01    0.17819E+03
    0.17677E+01    0.17365E+03
    0.18034E+01    0.16919E+03
    0.18398E+01    0.16479E+03
    0.18770E+01    0.16045E+03
    0.19149E+01    0.15618E+03
    0.19536E+01    0.15198E+03
    0.19930E+01    0.14784E+03
    0.20333E+01    0.14377E+03
    0.20744E+01    0.13977E+03
    0.21163E+01    0.13585E+03
    0.21590E+01    0.13200E+03
    0.22026E+01    0.12824E+03
    0.22471E+01    0.12457E+03
    0.22925E+01    0.12099E+03
    0.23388E+01    0.11750E+03
    0.23861E+01    0.11411E+03
