    0.10000E-03    0.60899E+02
    0.10202E-03    0.62079E+02
    0.10408E-03    0.63282E+02
    0.10618E-03    0.64508E+02
    0.10833E-03    0.65758E+02
    0.11052E-03    0.67032E+02
    0.11275E-03    0.68330E+02
    0.11503E-03    0.69654E+02
    0.11735E-03    0.71004E+02
    0.11972E-03    0.72379E+02
    0.12214E-03    0.73781E+02
    0.12461E-03    0.75211E+02
    0.12712E-03    0.76668E+02
    0.12969E-03    0.78153E+02
    0.13231E-03    0.79666E+02
    0.13499E-03    0.81209E+02
    0.13771E-03    0.82782E+02
    0.14049E-03    0.84386E+02
    0.14333E-03    0.86020E+02
    0.14623E-03    0.87686E+02
    0.14918E-03    0.89384E+02
    0.15220E-03    0.91115E+02
    0.15527E-03    0.92879E+02
    0.15841E-03    0.94678E+02
    0.16161E-03    0.96511E+02
    0.16487E-03    0.98379E+02
    0.16820E-03    0.10028E+03
    0.17160E-03    0.10223E+03
    0.17507E-03    0.10420E+03
    0.17860E-03    0.10622E+03
    0.18221E-03    0.10828E+03
    0.18589E-03    0.11037E+03
    0.18965E-03    0.11251E+03
    0.19348E-03    0.11469E+03
    0.19739E-03    0.11691E+03
    0.20138E-03    0.11917E+03
    0.20544E-03    0.12147E+03
    0.20959E-03    0.12382E+03
    0.21383E-03    0.12622E+03
    0.21815E-03    0.12866E+03
    0.22255E-03    0.13115E+03
    0.22705E-03    0.13369E+03
    0.23164E-03    0.13627E+03
    0.23632E-03    0.13891E+03
    0.24109E-03    0.14159E+03
    0.24596E-03    0.14433E+03
    0.25093E-03    0.14712E+03
    0.25600E-03    0.14996E+03
    0.26117E-03    0.15286E+03
    0.26645E-03    0.15581E+03
    0.27183E-03    0.15882E+03
    0.27732E-03    0.16189E+03
    0.28292E-03    0.16502E+03
    0.28864E-03    0.16821E+03
    0.29447E-03    0.17145E+03
    0.30042E-03    0.17476E+03
    0.30649E-03    0.17814E+03
    0.31268E-03    0.18157E+03
    0.31899E-03    0.18508E+03
    0.32544E-03    0.18865E+03
    0.33201E-03    0.19229E+03
    0.33872E-03    0.19600E+03
    0.34556E-03    0.19978E+03
    0.35254E-03    0.20363E+03
    0.35966E-03    0.20755E+03
    0.36693E-03    0.21155E+03
    0.37434E-03    0.21563E+03
    0.38190E-03    0.21978E+03
    0.38962E-03    0.22401E+03
    0.39749E-03    0.22832E+03
    0.40552E-03    0.23272E+03
    0.41371E-03    0.23719E+03
    0.42207E-03    0.24175E+03
    0.43060E-03    0.24640E+03
    0.43929E-03    0.25114E+03
    0.44817E-03    0.25596E+03
    0.45722E-03    0.26088E+03
    0.46646E-03    0.26589E+03
    0.47588E-03    0.27099E+03
    0.48550E-03    0.27619E+03
    0.49530E-03    0.28149E+03
    0.50531E-03    0.28688E+03
    0.51552E-03    0.29238E+03
    0.52593E-03    0.29798E+03
    0.53656E-03    0.30368E+03
    0.54739E-03    0.30949E+03
    0.55845E-03    0.31541E+03
    0.56973E-03    0.32144E+03
    0.58124E-03    0.32758E+03
    0.59299E-03    0.33384E+03
    0.60496E-03    0.34021E+03
    0.61719E-03    0.34670E+03
    0.62965E-03    0.35331E+03
    0.64237E-03    0.36004E+03
    0.65535E-03    0.36689E+03
    0.66859E-03    0.37387E+03
    0.68210E-03    0.38098E+03
    0.69588E-03    0.38821E+03
    0.70993E-03    0.39558E+03
    0.72427E-03    0.40308E+03
    0.73891E-03    0.41072E+03
    0.75383E-03    0.41850E+03
    0.76906E-03    0.42642E+03
    0.78460E-03    0.43448E+03
    0.80045E-03    0.44269E+03
    0.81662E-03    0.45104E+03
    0.83311E-03    0.45954E+03
    0.84994E-03    0.46819E+03
    0.86711E-03    0.47700E+03
    0.88463E-03    0.48597E+03
    0.90250E-03    0.49509E+03
    0.92073E-03    0.50437E+03
    0.93933E-03    0.51382E+03
    0.95831E-03    0.52343E+03
    0.97767E-03    0.53321E+03
    0.99742E-03    0.54316E+03
    0.10176E-02    0.55328E+03
    0.10381E-02    0.56358E+03
    0.10591E-02    0.57406E+03
    0.10805E-02    0.58471E+03
    0.11023E-02    0.59555E+03
    0.11246E-02    0.60657E+03
    0.11473E-02    0.61778E+03
    0.11705E-02    0.62918E+03
    0.11941E-02    0.64077E+03
    0.12182E-02    0.65256E+03
    0.12429E-02    0.66454E+03
    0.12680E-02    0.67672E+03
    0.12936E-02    0.68910E+03
    0.13197E-02    0.70169E+03
    0.13464E-02    0.71448E+03
    0.13736E-02    0.72748E+03
    0.14013E-02    0.74069E+03
    0.14296E-02    0.75412E+03
    0.14585E-02    0.76776E+03
    0.14880E-02    0.78162E+03
    0.15180E-02    0.79570E+03
    0.15487E-02    0.81000E+03
    0.15800E-02    0.82452E+03
    0.16119E-02    0.83927E+03
    0.16445E-02    0.85425E+03
    0.16777E-02    0.86947E+03
    0.17116E-02    0.88491E+03
    0.17462E-02    0.90059E+03
    0.17814E-02    0.91650E+03
    0.18174E-02    0.93266E+03
    0.18541E-02    0.94905E+03
    0.18916E-02    0.96569E+03
    0.19298E-02    0.98256E+03
    0.19688E-02    0.99969E+03
    0.20086E-02    0.10171E+04
    0.20491E-02    0.10347E+04
    0.20905E-02    0.10525E+04
    0.21328E-02    0.10707E+04
    0.21758E-02    0.10890E+04
    0.22198E-02    0.11076E+04
    0.22646E-02    0.11265E+04
    0.23104E-02    0.11456E+04
    0.23571E-02    0.11650E+04
    0.24047E-02    0.11846E+04
    0.24533E-02    0.12045E+04
    0.25028E-02    0.12247E+04
    0.25534E-02    0.12450E+04
    0.26050E-02    0.12657E+04
    0.26576E-02    0.12866E+04
    0.27113E-02    0.13077E+04
    0.27660E-02    0.13291E+04
    0.28219E-02    0.13508E+04
    0.28789E-02    0.13727E+04
    0.29371E-02    0.13949E+04
    0.29964E-02    0.14173E+04
    0.30569E-02    0.14399E+04
    0.31187E-02    0.14628E+04
    0.31817E-02    0.14859E+04
    0.32460E-02    0.15093E+04
    0.33115E-02    0.15329E+04
    0.33784E-02    0.15567E+04
    0.34467E-02    0.15808E+04
    0.35163E-02    0.16051E+04
    0.35874E-02    0.16296E+04
    0.36598E-02    0.16543E+04
    0.37338E-02    0.16792E+04
    0.38092E-02    0.17044E+04
    0.38861E-02    0.17297E+04
    0.39646E-02    0.17553E+04
    0.40447E-02    0.17810E+04
    0.41264E-02    0.18069E+04
    0.42098E-02    0.18331E+04
    0.42948E-02    0.18594E+04
    0.43816E-02    0.18858E+04
    0.44701E-02    0.19124E+04
    0.45604E-02    0.19391E+04
    0.46525E-02    0.19660E+04
    0.47465E-02    0.19929E+04
    0.48424E-02    0.20199E+04
    0.49402E-02    0.20470E+04
    0.50400E-02    0.20742E+04
    0.51419E-02    0.21015E+04
    0.52457E-02    0.21290E+04
    0.53517E-02    0.21565E+04
    0.54598E-02    0.21842E+04
    0.55701E-02    0.22119E+04
    0.56826E-02    0.22396E+04
    0.57974E-02    0.22673E+04
    0.59145E-02    0.22950E+04
    0.60340E-02    0.23227E+04
    0.61559E-02    0.23503E+04
    0.62803E-02    0.23779E+04
    0.64072E-02    0.24055E+04
    0.65366E-02    0.24329E+04
    0.66686E-02    0.24603E+04
    0.68033E-02    0.24876E+04
    0.69408E-02    0.25147E+04
    0.70810E-02    0.25417E+04
    0.72240E-02    0.25684E+04
    0.73700E-02    0.25950E+04
    0.75189E-02    0.26214E+04
    0.76708E-02    0.26475E+04
    0.78257E-02    0.26734E+04
    0.79838E-02    0.26990E+04
    0.81451E-02    0.27243E+04
    0.83096E-02    0.27492E+04
    0.84775E-02    0.27738E+04
    0.86488E-02    0.27980E+04
    0.88235E-02    0.28218E+04
    0.90017E-02    0.28451E+04
    0.91836E-02    0.28680E+04
    0.93691E-02    0.28904E+04
    0.95583E-02    0.29123E+04
    0.97514E-02    0.29335E+04
    0.99484E-02    0.29543E+04
    0.10149E-01    0.29744E+04
    0.10354E-01    0.29938E+04
    0.10564E-01    0.30126E+04
    0.10777E-01    0.30306E+04
    0.10995E-01    0.30479E+04
    0.11217E-01    0.30645E+04
    0.11443E-01    0.30801E+04
    0.11675E-01    0.30950E+04
    0.11910E-01    0.31089E+04
    0.12151E-01    0.31220E+04
    0.12397E-01    0.31341E+04
    0.12647E-01    0.31454E+04
    0.12902E-01    0.31556E+04
    0.13163E-01    0.31647E+04
    0.13429E-01    0.31726E+04
    0.13700E-01    0.31793E+04
    0.13977E-01    0.31845E+04
    0.14259E-01    0.31885E+04
    0.14547E-01    0.31915E+04
    0.14841E-01    0.31935E+04
    0.15141E-01    0.31949E+04
    0.15447E-01    0.31958E+04
    0.15759E-01    0.31959E+04
    0.16077E-01    0.31948E+04
    0.16402E-01    0.31923E+04
    0.16734E-01    0.31880E+04
    0.17072E-01    0.31814E+04
    0.17416E-01    0.31728E+04
    0.17768E-01    0.31623E+04
    0.18127E-01    0.31502E+04
    0.18493E-01    0.31367E+04
    0.18867E-01    0.31219E+04
    0.19248E-01    0.31059E+04
    0.19637E-01    0.30882E+04
    0.20034E-01    0.30687E+04
    0.20438E-01    0.30471E+04
    0.20851E-01    0.30234E+04
    0.21272E-01    0.29977E+04
    0.21702E-01    0.29703E+04
    0.22141E-01    0.29415E+04
    0.22588E-01    0.29114E+04
    0.23044E-01    0.28804E+04
    0.23510E-01    0.28485E+04
    0.23985E-01    0.28156E+04
    0.24469E-01    0.27818E+04
    0.24964E-01    0.27470E+04
    0.25468E-01    0.27113E+04
    0.25982E-01    0.26745E+04
    0.26507E-01    0.26368E+04
    0.27043E-01    0.25980E+04
    0.27589E-01    0.25582E+04
    0.28146E-01    0.25172E+04
    0.28715E-01    0.24754E+04
    0.29295E-01    0.24327E+04
    0.29887E-01    0.23895E+04
    0.30490E-01    0.23456E+04
    0.31106E-01    0.23014E+04
    0.31735E-01    0.22571E+04
    0.32376E-01    0.22127E+04
    0.33030E-01    0.21684E+04
    0.33697E-01    0.21244E+04
    0.34378E-01    0.20809E+04
    0.35072E-01    0.20379E+04
    0.35781E-01    0.19956E+04
    0.36504E-01    0.19539E+04
    0.37241E-01    0.19131E+04
    0.37993E-01    0.18731E+04
    0.38761E-01    0.18340E+04
    0.39544E-01    0.17960E+04
    0.40343E-01    0.17590E+04
    0.41158E-01    0.17231E+04
    0.41989E-01    0.16884E+04
    0.42838E-01    0.16551E+04
    0.43703E-01    0.16231E+04
    0.44586E-01    0.15926E+04
    0.45486E-01    0.15638E+04
    0.46405E-01    0.15366E+04
    0.47343E-01    0.15108E+04
    0.48299E-01    0.14863E+04
    0.49275E-01    0.14631E+04
    0.50270E-01    0.14410E+04
    0.51286E-01    0.14199E+04
    0.52322E-01    0.13997E+04
    0.53379E-01    0.13803E+04
    0.54457E-01    0.13616E+04
    0.55557E-01    0.13435E+04
    0.56680E-01    0.13256E+04
    0.57825E-01    0.13078E+04
    0.58993E-01    0.12900E+04
    0.60184E-01    0.12719E+04
    0.61400E-01    0.12534E+04
    0.62641E-01    0.12343E+04
    0.63906E-01    0.12144E+04
    0.65197E-01    0.11934E+04
    0.66514E-01    0.11711E+04
    0.67858E-01    0.11475E+04
    0.69229E-01    0.11231E+04
    0.70627E-01    0.10981E+04
    0.72054E-01    0.10722E+04
    0.73510E-01    0.10447E+04
    0.74994E-01    0.10151E+04
    0.76509E-01    0.98390E+03
    0.78055E-01    0.95172E+03
    0.79632E-01    0.91908E+03
    0.81241E-01    0.88622E+03
    0.82882E-01    0.85333E+03
    0.84556E-01    0.82071E+03
    0.86264E-01    0.78874E+03
    0.88007E-01    0.75776E+03
    0.89785E-01    0.72811E+03
    0.91598E-01    0.70011E+03
    0.93449E-01    0.67398E+03
    0.95337E-01    0.64995E+03
    0.97263E-01    0.62817E+03
    0.99227E-01    0.60871E+03
    0.10123E+00    0.59149E+03
    0.10328E+00    0.57645E+03
    0.10536E+00    0.56334E+03
    0.10749E+00    0.55189E+03
    0.10966E+00    0.54178E+03
    0.11188E+00    0.53259E+03
    0.11414E+00    0.52393E+03
    0.11644E+00    0.51534E+03
    0.11880E+00    0.50639E+03
    0.12120E+00    0.49668E+03
    0.12365E+00    0.48586E+03
    0.12614E+00    0.47373E+03
    0.12869E+00    0.46016E+03
    0.13129E+00    0.44522E+03
    0.13394E+00    0.42906E+03
    0.13665E+00    0.41199E+03
    0.13941E+00    0.39433E+03
    0.14223E+00    0.37652E+03
    0.14510E+00    0.35901E+03
    0.14803E+00    0.34230E+03
    0.15102E+00    0.32685E+03
    0.15407E+00    0.31304E+03
    0.15718E+00    0.30107E+03
    0.16036E+00    0.29094E+03
    0.16360E+00    0.28248E+03
    0.16690E+00    0.27538E+03
    0.17028E+00    0.26928E+03
    0.17371E+00    0.26376E+03
    0.17722E+00    0.25840E+03
    0.18080E+00    0.25272E+03
    0.18446E+00    0.24633E+03
    0.18818E+00    0.23896E+03
    0.19198E+00    0.23056E+03
    0.19586E+00    0.22135E+03
    0.19982E+00    0.21167E+03
    0.20386E+00    0.20191E+03
    0.20797E+00    0.19249E+03
    0.21218E+00    0.18376E+03
    0.21646E+00    0.17603E+03
    0.22083E+00    0.16942E+03
    0.22530E+00    0.16389E+03
    0.22985E+00    0.15922E+03
    0.23449E+00    0.15507E+03
    0.23923E+00    0.15106E+03
    0.24406E+00    0.14686E+03
    0.24899E+00    0.14221E+03
    0.25402E+00    0.13705E+03
    0.25915E+00    0.13150E+03
    0.26439E+00    0.12580E+03
    0.26973E+00    0.12024E+03
    0.27518E+00    0.11507E+03
    0.28074E+00    0.11048E+03
    0.28641E+00    0.10651E+03
    0.29219E+00    0.10304E+03
    0.29810E+00    0.99866E+02
    0.30412E+00    0.96749E+02
    0.31026E+00    0.93515E+02
    0.31653E+00    0.90083E+02
    0.32292E+00    0.86496E+02
    0.32945E+00    0.82909E+02
    0.33610E+00    0.79495E+02
    0.34289E+00    0.76362E+02
    0.34982E+00    0.73540E+02
    0.35689E+00    0.70983E+02
    0.36409E+00    0.68566E+02
    0.37145E+00    0.66165E+02
    0.37895E+00    0.63724E+02
    0.38661E+00    0.61254E+02
    0.39442E+00    0.58824E+02
    0.40239E+00    0.56518E+02
    0.41052E+00    0.54376E+02
    0.41881E+00    0.52390E+02
    0.42727E+00    0.50508E+02
    0.43590E+00    0.48671E+02
    0.44471E+00    0.46851E+02
    0.45369E+00    0.45056E+02
    0.46286E+00    0.43326E+02
    0.47221E+00    0.41687E+02
    0.48174E+00    0.40140E+02
    0.49148E+00    0.38668E+02
    0.50141E+00    0.37240E+02
    0.51153E+00    0.35848E+02
    0.52187E+00    0.34496E+02
    0.53241E+00    0.33201E+02
    0.54317E+00    0.31968E+02
    0.55414E+00    0.30786E+02
    0.56533E+00    0.29646E+02
    0.57675E+00    0.28549E+02
    0.58840E+00    0.27493E+02
    0.60029E+00    0.26478E+02
    0.61242E+00    0.25502E+02
    0.62479E+00    0.24565E+02
    0.63741E+00    0.23664E+02
    0.65029E+00    0.22798E+02
    0.66342E+00    0.21967E+02
    0.67683E+00    0.21167E+02
    0.69050E+00    0.20399E+02
    0.70445E+00    0.19661E+02
    0.71868E+00    0.18951E+02
    0.73320E+00    0.18269E+02
    0.74801E+00    0.17614E+02
    0.76312E+00    0.16984E+02
    0.77854E+00    0.16378E+02
    0.79426E+00    0.15796E+02
    0.81031E+00    0.15237E+02
    0.82668E+00    0.14699E+02
    0.84338E+00    0.14183E+02
    0.86041E+00    0.13686E+02
    0.87780E+00    0.13209E+02
    0.89553E+00    0.12750E+02
    0.91362E+00    0.12309E+02
    0.93208E+00    0.11885E+02
    0.95091E+00    0.11477E+02
    0.97011E+00    0.11085E+02
    0.98971E+00    0.10709E+02
    0.10097E+01    0.10346E+02
    0.10301E+01    0.99981E+01
    0.10509E+01    0.96631E+01
    0.10721E+01    0.93409E+01
    0.10938E+01    0.90309E+01
    0.11159E+01    0.87328E+01
    0.11384E+01    0.84459E+01
    0.11614E+01    0.81699E+01
    0.11849E+01    0.79043E+01
    0.12088E+01    0.76486E+01
    0.12333E+01    0.74026E+01
    0.12582E+01    0.71657E+01
    0.12836E+01    0.69377E+01
    0.13095E+01    0.67181E+01
    0.13360E+01    0.65067E+01
    0.13630E+01    0.63030E+01
    0.13905E+01    0.61068E+01
    0.14186E+01    0.59178E+01
    0.14472E+01    0.57356E+01
    0.14765E+01    0.55600E+01
    0.15063E+01    0.53907E+01
    0.15367E+01    0.52274E+01
    0.15678E+01    0.50700E+01
    0.15994E+01    0.49180E+01
    0.16318E+01    0.47714E+01
    0.16647E+01    0.46300E+01
    0.16984E+01    0.44934E+01
    0.17327E+01    0.43616E+01
    0.17677E+01    0.42344E+01
    0.18034E+01    0.41116E+01
    0.18398E+01    0.39930E+01
    0.18770E+01    0.38784E+01
    0.19149E+01    0.37678E+01
    0.19536E+01    0.36610E+01
    0.19930E+01    0.35579E+01
    0.20333E+01    0.34582E+01
    0.20744E+01    0.33617E+01
    0.21163E+01    0.32685E+01
    0.21590E+01    0.31781E+01
    0.22026E+01    0.30906E+01
    0.22471E+01    0.30057E+01
    0.22925E+01    0.29233E+01
    0.23388E+01    0.28433E+01
    0.23861E+01    0.27655E+01
