    0.10000E-03    0.27780E+03
    0.10202E-03    0.28319E+03
    0.10408E-03    0.28867E+03
    0.10618E-03    0.29426E+03
    0.10833E-03    0.29997E+03
    0.11052E-03    0.30578E+03
    0.11275E-03    0.31170E+03
    0.11503E-03    0.31774E+03
    0.11735E-03    0.32389E+03
    0.11972E-03    0.33017E+03
    0.12214E-03    0.33656E+03
    0.12461E-03    0.34308E+03
    0.12712E-03    0.34973E+03
    0.12969E-03    0.35650E+03
    0.13231E-03    0.36340E+03
    0.13499E-03    0.37044E+03
    0.13771E-03    0.37761E+03
    0.14049E-03    0.38493E+03
    0.14333E-03    0.39238E+03
    0.14623E-03    0.39998E+03
    0.14918E-03    0.40772E+03
    0.15220E-03    0.41561E+03
    0.15527E-03    0.42366E+03
    0.15841E-03    0.43186E+03
    0.16161E-03    0.44022E+03
    0.16487E-03    0.44874E+03
    0.16820E-03    0.45743E+03
    0.17160E-03    0.46628E+03
    0.17507E-03    0.47531E+03
    0.17860E-03    0.48450E+03
    0.18221E-03    0.49388E+03
    0.18589E-03    0.50343E+03
    0.18965E-03    0.51317E+03
    0.19348E-03    0.52310E+03
    0.19739E-03    0.53322E+03
    0.20138E-03    0.54353E+03
    0.20544E-03    0.55405E+03
    0.20959E-03    0.56476E+03
    0.21383E-03    0.57568E+03
    0.21815E-03    0.58681E+03
    0.22255E-03    0.59816E+03
    0.22705E-03    0.60972E+03
    0.23164E-03    0.62151E+03
    0.23632E-03    0.63352E+03
    0.24109E-03    0.64576E+03
    0.24596E-03    0.65824E+03
    0.25093E-03    0.67095E+03
    0.25600E-03    0.68391E+03
    0.26117E-03    0.69712E+03
    0.26645E-03    0.71059E+03
    0.27183E-03    0.72431E+03
    0.27732E-03    0.73829E+03
    0.28292E-03    0.75254E+03
    0.28864E-03    0.76706E+03
    0.29447E-03    0.78186E+03
    0.30042E-03    0.79695E+03
    0.30649E-03    0.81232E+03
    0.31268E-03    0.82798E+03
    0.31899E-03    0.84394E+03
    0.32544E-03    0.86021E+03
    0.33201E-03    0.87679E+03
    0.33872E-03    0.89368E+03
    0.34556E-03    0.91090E+03
    0.35254E-03    0.92844E+03
    0.35966E-03    0.94632E+03
    0.36693E-03    0.96453E+03
    0.37434E-03    0.98309E+03
    0.38190E-03    0.10020E+04
    0.38962E-03    0.10213E+04
    0.39749E-03    0.10409E+04
    0.40552E-03    0.10609E+04
    0.41371E-03    0.10813E+04
    0.42207E-03    0.11021E+04
    0.43060E-03    0.11232E+04
    0.43929E-03    0.11448E+04
    0.44817E-03    0.11667E+04
    0.45722E-03    0.11891E+04
    0.46646E-03    0.12119E+04
    0.47588E-03    0.12351E+04
    0.48550E-03    0.12588E+04
    0.49530E-03    0.12829E+04
    0.50531E-03    0.13075E+04
    0.51552E-03    0.13325E+04
    0.52593E-03    0.13579E+04
    0.53656E-03    0.13839E+04
    0.54739E-03    0.14103E+04
    0.55845E-03    0.14372E+04
    0.56973E-03    0.14647E+04
    0.58124E-03    0.14926E+04
    0.59299E-03    0.15210E+04
    0.60496E-03    0.15500E+04
    0.61719E-03    0.15795E+04
    0.62965E-03    0.16095E+04
    0.64237E-03    0.16401E+04
    0.65535E-03    0.16713E+04
    0.66859E-03    0.17030E+04
    0.68210E-03    0.17353E+04
    0.69588E-03    0.17682E+04
    0.70993E-03    0.18017E+04
    0.72427E-03    0.18358E+04
    0.73891E-03    0.18705E+04
    0.75383E-03    0.19058E+04
    0.76906E-03    0.19418E+04
    0.78460E-03    0.19784E+04
    0.80045E-03    0.20157E+04
    0.81662E-03    0.20537E+04
    0.83311E-03    0.20923E+04
    0.84994E-03    0.21316E+04
    0.86711E-03    0.21716E+04
    0.88463E-03    0.22123E+04
    0.90250E-03    0.22537E+04
    0.92073E-03    0.22959E+04
    0.93933E-03    0.23388E+04
    0.95831E-03    0.23825E+04
    0.97767E-03    0.24269E+04
    0.99742E-03    0.24721E+04
    0.10176E-02    0.25181E+04
    0.10381E-02    0.25648E+04
    0.10591E-02    0.26124E+04
    0.10805E-02    0.26608E+04
    0.11023E-02    0.27100E+04
    0.11246E-02    0.27601E+04
    0.11473E-02    0.28110E+04
    0.11705E-02    0.28628E+04
    0.11941E-02    0.29154E+04
    0.12182E-02    0.29689E+04
    0.12429E-02    0.30234E+04
    0.12680E-02    0.30787E+04
    0.12936E-02    0.31349E+04
    0.13197E-02    0.31921E+04
    0.13464E-02    0.32502E+04
    0.13736E-02    0.33093E+04
    0.14013E-02    0.33693E+04
    0.14296E-02    0.34303E+04
    0.14585E-02    0.34923E+04
    0.14880E-02    0.35552E+04
    0.15180E-02    0.36192E+04
    0.15487E-02    0.36842E+04
    0.15800E-02    0.37502E+04
    0.16119E-02    0.38172E+04
    0.16445E-02    0.38853E+04
    0.16777E-02    0.39544E+04
    0.17116E-02    0.40246E+04
    0.17462E-02    0.40958E+04
    0.17814E-02    0.41681E+04
    0.18174E-02    0.42415E+04
    0.18541E-02    0.43160E+04
    0.18916E-02    0.43916E+04
    0.19298E-02    0.44683E+04
    0.19688E-02    0.45461E+04
    0.20086E-02    0.46251E+04
    0.20491E-02    0.47051E+04
    0.20905E-02    0.47863E+04
    0.21328E-02    0.48686E+04
    0.21758E-02    0.49521E+04
    0.22198E-02    0.50367E+04
    0.22646E-02    0.51225E+04
    0.23104E-02    0.52094E+04
    0.23571E-02    0.52974E+04
    0.24047E-02    0.53866E+04
    0.24533E-02    0.54770E+04
    0.25028E-02    0.55685E+04
    0.25534E-02    0.56612E+04
    0.26050E-02    0.57550E+04
    0.26576E-02    0.58500E+04
    0.27113E-02    0.59461E+04
    0.27660E-02    0.60434E+04
    0.28219E-02    0.61418E+04
    0.28789E-02    0.62414E+04
    0.29371E-02    0.63421E+04
    0.29964E-02    0.64439E+04
    0.30569E-02    0.65468E+04
    0.31187E-02    0.66508E+04
    0.31817E-02    0.67559E+04
    0.32460E-02    0.68621E+04
    0.33115E-02    0.69694E+04
    0.33784E-02    0.70777E+04
    0.34467E-02    0.71871E+04
    0.35163E-02    0.72975E+04
    0.35874E-02    0.74090E+04
    0.36598E-02    0.75214E+04
    0.37338E-02    0.76347E+04
    0.38092E-02    0.77489E+04
    0.38861E-02    0.78640E+04
    0.39646E-02    0.79800E+04
    0.40447E-02    0.80969E+04
    0.41264E-02    0.82149E+04
    0.42098E-02    0.83339E+04
    0.42948E-02    0.84539E+04
    0.43816E-02    0.85747E+04
    0.44701E-02    0.86958E+04
    0.45604E-02    0.88169E+04
    0.46525E-02    0.89375E+04
    0.47465E-02    0.90575E+04
    0.48424E-02    0.91773E+04
    0.49402E-02    0.92974E+04
    0.50400E-02    0.94182E+04
    0.51419E-02    0.95402E+04
    0.52457E-02    0.96638E+04
    0.53517E-02    0.97885E+04
    0.54598E-02    0.99141E+04
    0.55701E-02    0.10040E+05
    0.56826E-02    0.10166E+05
    0.57974E-02    0.10292E+05
    0.59145E-02    0.10417E+05
    0.60340E-02    0.10542E+05
    0.61559E-02    0.10667E+05
    0.62803E-02    0.10792E+05
    0.64072E-02    0.10917E+05
    0.65366E-02    0.11041E+05
    0.66686E-02    0.11165E+05
    0.68033E-02    0.11288E+05
    0.69408E-02    0.11411E+05
    0.70810E-02    0.11533E+05
    0.72240E-02    0.11654E+05
    0.73700E-02    0.11774E+05
    0.75189E-02    0.11893E+05
    0.76708E-02    0.12011E+05
    0.78257E-02    0.12128E+05
    0.79838E-02    0.12244E+05
    0.81451E-02    0.12358E+05
    0.83096E-02    0.12470E+05
    0.84775E-02    0.12581E+05
    0.86488E-02    0.12690E+05
    0.88235E-02    0.12798E+05
    0.90017E-02    0.12903E+05
    0.91836E-02    0.13006E+05
    0.93691E-02    0.13107E+05
    0.95583E-02    0.13205E+05
    0.97514E-02    0.13301E+05
    0.99484E-02    0.13394E+05
    0.10149E-01    0.13485E+05
    0.10354E-01    0.13572E+05
    0.10564E-01    0.13657E+05
    0.10777E-01    0.13738E+05
    0.10995E-01    0.13815E+05
    0.11217E-01    0.13889E+05
    0.11443E-01    0.13960E+05
    0.11675E-01    0.14026E+05
    0.11910E-01    0.14088E+05
    0.12151E-01    0.14147E+05
    0.12397E-01    0.14201E+05
    0.12647E-01    0.14251E+05
    0.12902E-01    0.14296E+05
    0.13163E-01    0.14337E+05
    0.13429E-01    0.14371E+05
    0.13700E-01    0.14401E+05
    0.13977E-01    0.14423E+05
    0.14259E-01    0.14440E+05
    0.14547E-01    0.14453E+05
    0.14841E-01    0.14461E+05
    0.15141E-01    0.14466E+05
    0.15447E-01    0.14469E+05
    0.15759E-01    0.14468E+05
    0.16077E-01    0.14462E+05
    0.16402E-01    0.14450E+05
    0.16734E-01    0.14429E+05
    0.17072E-01    0.14398E+05
    0.17416E-01    0.14358E+05
    0.17768E-01    0.14309E+05
    0.18127E-01    0.14253E+05
    0.18493E-01    0.14191E+05
    0.18867E-01    0.14123E+05
    0.19248E-01    0.14049E+05
    0.19637E-01    0.13968E+05
    0.20034E-01    0.13878E+05
    0.20438E-01    0.13780E+05
    0.20851E-01    0.13671E+05
    0.21272E-01    0.13554E+05
    0.21702E-01    0.13429E+05
    0.22141E-01    0.13297E+05
    0.22588E-01    0.13160E+05
    0.23044E-01    0.13019E+05
    0.23510E-01    0.12873E+05
    0.23985E-01    0.12724E+05
    0.24469E-01    0.12570E+05
    0.24964E-01    0.12412E+05
    0.25468E-01    0.12249E+05
    0.25982E-01    0.12083E+05
    0.26507E-01    0.11911E+05
    0.27043E-01    0.11735E+05
    0.27589E-01    0.11554E+05
    0.28146E-01    0.11369E+05
    0.28715E-01    0.11179E+05
    0.29295E-01    0.10986E+05
    0.29887E-01    0.10790E+05
    0.30490E-01    0.10592E+05
    0.31106E-01    0.10392E+05
    0.31735E-01    0.10191E+05
    0.32376E-01    0.99907E+04
    0.33030E-01    0.97908E+04
    0.33697E-01    0.95923E+04
    0.34378E-01    0.93958E+04
    0.35072E-01    0.92018E+04
    0.35781E-01    0.90108E+04
    0.36504E-01    0.88231E+04
    0.37241E-01    0.86390E+04
    0.37993E-01    0.84588E+04
    0.38761E-01    0.82829E+04
    0.39544E-01    0.81116E+04
    0.40343E-01    0.79451E+04
    0.41158E-01    0.77837E+04
    0.41989E-01    0.76277E+04
    0.42838E-01    0.74775E+04
    0.43703E-01    0.73337E+04
    0.44586E-01    0.71968E+04
    0.45486E-01    0.70671E+04
    0.46405E-01    0.69446E+04
    0.47343E-01    0.68286E+04
    0.48299E-01    0.67187E+04
    0.49275E-01    0.66141E+04
    0.50270E-01    0.65145E+04
    0.51286E-01    0.64195E+04
    0.52322E-01    0.63284E+04
    0.53379E-01    0.62411E+04
    0.54457E-01    0.61568E+04
    0.55557E-01    0.60748E+04
    0.56680E-01    0.59941E+04
    0.57825E-01    0.59138E+04
    0.58993E-01    0.58332E+04
    0.60184E-01    0.57516E+04
    0.61400E-01    0.56682E+04
    0.62641E-01    0.55824E+04
    0.63906E-01    0.54929E+04
    0.65197E-01    0.53985E+04
    0.66514E-01    0.52982E+04
    0.67858E-01    0.51928E+04
    0.69229E-01    0.50838E+04
    0.70627E-01    0.49722E+04
    0.72054E-01    0.48565E+04
    0.73510E-01    0.47339E+04
    0.74994E-01    0.46026E+04
    0.76509E-01    0.44643E+04
    0.78055E-01    0.43219E+04
    0.79632E-01    0.41776E+04
    0.81241E-01    0.40325E+04
    0.82882E-01    0.38875E+04
    0.84556E-01    0.37438E+04
    0.86264E-01    0.36031E+04
    0.88007E-01    0.34669E+04
    0.89785E-01    0.33366E+04
    0.91598E-01    0.32135E+04
    0.93449E-01    0.30987E+04
    0.95337E-01    0.29931E+04
    0.97263E-01    0.28974E+04
    0.99227E-01    0.28116E+04
    0.10123E+00    0.27357E+04
    0.10328E+00    0.26691E+04
    0.10536E+00    0.26109E+04
    0.10749E+00    0.25599E+04
    0.10966E+00    0.25145E+04
    0.11188E+00    0.24732E+04
    0.11414E+00    0.24340E+04
    0.11644E+00    0.23952E+04
    0.11880E+00    0.23548E+04
    0.12120E+00    0.23112E+04
    0.12365E+00    0.22630E+04
    0.12614E+00    0.22091E+04
    0.12869E+00    0.21493E+04
    0.13129E+00    0.20838E+04
    0.13394E+00    0.20133E+04
    0.13665E+00    0.19389E+04
    0.13941E+00    0.18623E+04
    0.14223E+00    0.17852E+04
    0.14510E+00    0.17094E+04
    0.14803E+00    0.16372E+04
    0.15102E+00    0.15703E+04
    0.15407E+00    0.15104E+04
    0.15718E+00    0.14583E+04
    0.16036E+00    0.14140E+04
    0.16360E+00    0.13766E+04
    0.16690E+00    0.13450E+04
    0.17028E+00    0.13175E+04
    0.17371E+00    0.12925E+04
    0.17722E+00    0.12681E+04
    0.18080E+00    0.12425E+04
    0.18446E+00    0.12139E+04
    0.18818E+00    0.11813E+04
    0.19198E+00    0.11446E+04
    0.19586E+00    0.11046E+04
    0.19982E+00    0.10628E+04
    0.20386E+00    0.10208E+04
    0.20797E+00    0.98022E+03
    0.21218E+00    0.94260E+03
    0.21646E+00    0.90907E+03
    0.22083E+00    0.88018E+03
    0.22530E+00    0.85570E+03
    0.22985E+00    0.83471E+03
    0.23449E+00    0.81587E+03
    0.23923E+00    0.79764E+03
    0.24406E+00    0.77863E+03
    0.24899E+00    0.75787E+03
    0.25402E+00    0.73513E+03
    0.25915E+00    0.71090E+03
    0.26439E+00    0.68613E+03
    0.26973E+00    0.66195E+03
    0.27518E+00    0.63941E+03
    0.28074E+00    0.61921E+03
    0.28641E+00    0.60149E+03
    0.29219E+00    0.58579E+03
    0.29810E+00    0.57126E+03
    0.30412E+00    0.55699E+03
    0.31026E+00    0.54230E+03
    0.31653E+00    0.52687E+03
    0.32292E+00    0.51088E+03
    0.32945E+00    0.49494E+03
    0.33610E+00    0.47972E+03
    0.34289E+00    0.46562E+03
    0.34982E+00    0.45275E+03
    0.35689E+00    0.44092E+03
    0.36409E+00    0.42966E+03
    0.37145E+00    0.41848E+03
    0.37895E+00    0.40719E+03
    0.38661E+00    0.39582E+03
    0.39442E+00    0.38464E+03
    0.40239E+00    0.37396E+03
    0.41052E+00    0.36392E+03
    0.41881E+00    0.35450E+03
    0.42727E+00    0.34549E+03
    0.43590E+00    0.33667E+03
    0.44471E+00    0.32794E+03
    0.45369E+00    0.31934E+03
    0.46286E+00    0.31099E+03
    0.47221E+00    0.30302E+03
    0.48174E+00    0.29540E+03
    0.49148E+00    0.28808E+03
    0.50141E+00    0.28094E+03
    0.51153E+00    0.27395E+03
    0.52187E+00    0.26714E+03
    0.53241E+00    0.26055E+03
    0.54317E+00    0.25421E+03
    0.55414E+00    0.24807E+03
    0.56533E+00    0.24210E+03
    0.57675E+00    0.23630E+03
    0.58840E+00    0.23067E+03
    0.60029E+00    0.22520E+03
    0.61242E+00    0.21990E+03
    0.62479E+00    0.21474E+03
    0.63741E+00    0.20973E+03
    0.65029E+00    0.20487E+03
    0.66342E+00    0.20013E+03
    0.67683E+00    0.19553E+03
    0.69050E+00    0.19106E+03
    0.70445E+00    0.18670E+03
    0.71868E+00    0.18246E+03
    0.73320E+00    0.17833E+03
    0.74801E+00    0.17430E+03
    0.76312E+00    0.17038E+03
    0.77854E+00    0.16656E+03
    0.79426E+00    0.16283E+03
    0.81031E+00    0.15920E+03
    0.82668E+00    0.15565E+03
    0.84338E+00    0.15219E+03
    0.86041E+00    0.14881E+03
    0.87780E+00    0.14551E+03
    0.89553E+00    0.14228E+03
    0.91362E+00    0.13913E+03
    0.93208E+00    0.13605E+03
    0.95091E+00    0.13304E+03
    0.97011E+00    0.13010E+03
    0.98971E+00    0.12722E+03
    0.10097E+01    0.12440E+03
    0.10301E+01    0.12165E+03
    0.10509E+01    0.11895E+03
    0.10721E+01    0.11630E+03
    0.10938E+01    0.11372E+03
    0.11159E+01    0.11118E+03
    0.11384E+01    0.10869E+03
    0.11614E+01    0.10626E+03
    0.11849E+01    0.10387E+03
    0.12088E+01    0.10153E+03
    0.12333E+01    0.99237E+02
    0.12582E+01    0.96986E+02
    0.12836E+01    0.94778E+02
    0.13095E+01    0.92612E+02
    0.13360E+01    0.90486E+02
    0.13630E+01    0.88400E+02
    0.13905E+01    0.86352E+02
    0.14186E+01    0.84343E+02
    0.14472E+01    0.82372E+02
    0.14765E+01    0.80437E+02
    0.15063E+01    0.78539E+02
    0.15367E+01    0.76676E+02
    0.15678E+01    0.74848E+02
    0.15994E+01    0.73055E+02
    0.16318E+01    0.71295E+02
    0.16647E+01    0.69569E+02
    0.16984E+01    0.67874E+02
    0.17327E+01    0.66210E+02
    0.17677E+01    0.64576E+02
    0.18034E+01    0.62971E+02
    0.18398E+01    0.61394E+02
    0.18770E+01    0.59845E+02
    0.19149E+01    0.58322E+02
    0.19536E+01    0.56825E+02
    0.19930E+01    0.55354E+02
    0.20333E+01    0.53908E+02
    0.20744E+01    0.52490E+02
    0.21163E+01    0.51099E+02
    0.21590E+01    0.49737E+02
    0.22026E+01    0.48405E+02
    0.22471E+01    0.47104E+02
    0.22925E+01    0.45834E+02
    0.23388E+01    0.44595E+02
    0.23861E+01    0.43388E+02
