    0.10000E-03    0.98267E+02
    0.10202E-03    0.10017E+03
    0.10408E-03    0.10211E+03
    0.10618E-03    0.10409E+03
    0.10833E-03    0.10611E+03
    0.11052E-03    0.10816E+03
    0.11275E-03    0.11026E+03
    0.11503E-03    0.11239E+03
    0.11735E-03    0.11457E+03
    0.11972E-03    0.11679E+03
    0.12214E-03    0.11905E+03
    0.12461E-03    0.12136E+03
    0.12712E-03    0.12371E+03
    0.12969E-03    0.12611E+03
    0.13231E-03    0.12855E+03
    0.13499E-03    0.13104E+03
    0.13771E-03    0.13358E+03
    0.14049E-03    0.13616E+03
    0.14333E-03    0.13880E+03
    0.14623E-03    0.14149E+03
    0.14918E-03    0.14423E+03
    0.15220E-03    0.14702E+03
    0.15527E-03    0.14987E+03
    0.15841E-03    0.15277E+03
    0.16161E-03    0.15573E+03
    0.16487E-03    0.15874E+03
    0.16820E-03    0.16182E+03
    0.17160E-03    0.16495E+03
    0.17507E-03    0.16814E+03
    0.17860E-03    0.17139E+03
    0.18221E-03    0.17471E+03
    0.18589E-03    0.17809E+03
    0.18965E-03    0.18154E+03
    0.19348E-03    0.18505E+03
    0.19739E-03    0.18863E+03
    0.20138E-03    0.19228E+03
    0.20544E-03    0.19600E+03
    0.20959E-03    0.19979E+03
    0.21383E-03    0.20366E+03
    0.21815E-03    0.20760E+03
    0.22255E-03    0.21161E+03
    0.22705E-03    0.21570E+03
    0.23164E-03    0.21987E+03
    0.23632E-03    0.22412E+03
    0.24109E-03    0.22846E+03
    0.24596E-03    0.23287E+03
    0.25093E-03    0.23737E+03
    0.25600E-03    0.24196E+03
    0.26117E-03    0.24664E+03
    0.26645E-03    0.25140E+03
    0.27183E-03    0.25626E+03
    0.27732E-03    0.26121E+03
    0.28292E-03    0.26625E+03
    0.28864E-03    0.27139E+03
    0.29447E-03    0.27663E+03
    0.30042E-03    0.28197E+03
    0.30649E-03    0.28741E+03
    0.31268E-03    0.29296E+03
    0.31899E-03    0.29861E+03
    0.32544E-03    0.30437E+03
    0.33201E-03    0.31024E+03
    0.33872E-03    0.31622E+03
    0.34556E-03    0.32231E+03
    0.35254E-03    0.32852E+03
    0.35966E-03    0.33485E+03
    0.36693E-03    0.34130E+03
    0.37434E-03    0.34787E+03
    0.38190E-03    0.35457E+03
    0.38962E-03    0.36140E+03
    0.39749E-03    0.36835E+03
    0.40552E-03    0.37544E+03
    0.41371E-03    0.38265E+03
    0.42207E-03    0.39001E+03
    0.43060E-03    0.39751E+03
    0.43929E-03    0.40514E+03
    0.44817E-03    0.41292E+03
    0.45722E-03    0.42085E+03
    0.46646E-03    0.42893E+03
    0.47588E-03    0.43715E+03
    0.48550E-03    0.44554E+03
    0.49530E-03    0.45407E+03
    0.50531E-03    0.46277E+03
    0.51552E-03    0.47164E+03
    0.52593E-03    0.48066E+03
    0.53656E-03    0.48986E+03
    0.54739E-03    0.49923E+03
    0.55845E-03    0.50877E+03
    0.56973E-03    0.51849E+03
    0.58124E-03    0.52838E+03
    0.59299E-03    0.53847E+03
    0.60496E-03    0.54873E+03
    0.61719E-03    0.55919E+03
    0.62965E-03    0.56984E+03
    0.64237E-03    0.58069E+03
    0.65535E-03    0.59173E+03
    0.66859E-03    0.60298E+03
    0.68210E-03    0.61443E+03
    0.69588E-03    0.62610E+03
    0.70993E-03    0.63797E+03
    0.72427E-03    0.65006E+03
    0.73891E-03    0.66237E+03
    0.75383E-03    0.67490E+03
    0.76906E-03    0.68766E+03
    0.78460E-03    0.70064E+03
    0.80045E-03    0.71386E+03
    0.81662E-03    0.72732E+03
    0.83311E-03    0.74102E+03
    0.84994E-03    0.75496E+03
    0.86711E-03    0.76915E+03
    0.88463E-03    0.78359E+03
    0.90250E-03    0.79828E+03
    0.92073E-03    0.81324E+03
    0.93933E-03    0.82845E+03
    0.95831E-03    0.84394E+03
    0.97767E-03    0.85969E+03
    0.99742E-03    0.87572E+03
    0.10176E-02    0.89202E+03
    0.10381E-02    0.90861E+03
    0.10591E-02    0.92549E+03
    0.10805E-02    0.94265E+03
    0.11023E-02    0.96010E+03
    0.11246E-02    0.97786E+03
    0.11473E-02    0.99591E+03
    0.11705E-02    0.10143E+04
    0.11941E-02    0.10329E+04
    0.12182E-02    0.10519E+04
    0.12429E-02    0.10712E+04
    0.12680E-02    0.10908E+04
    0.12936E-02    0.11108E+04
    0.13197E-02    0.11311E+04
    0.13464E-02    0.11517E+04
    0.13736E-02    0.11726E+04
    0.14013E-02    0.11939E+04
    0.14296E-02    0.12155E+04
    0.14585E-02    0.12375E+04
    0.14880E-02    0.12598E+04
    0.15180E-02    0.12825E+04
    0.15487E-02    0.13055E+04
    0.15800E-02    0.13289E+04
    0.16119E-02    0.13527E+04
    0.16445E-02    0.13768E+04
    0.16777E-02    0.14013E+04
    0.17116E-02    0.14262E+04
    0.17462E-02    0.14515E+04
    0.17814E-02    0.14771E+04
    0.18174E-02    0.15031E+04
    0.18541E-02    0.15296E+04
    0.18916E-02    0.15564E+04
    0.19298E-02    0.15835E+04
    0.19688E-02    0.16111E+04
    0.20086E-02    0.16391E+04
    0.20491E-02    0.16675E+04
    0.20905E-02    0.16963E+04
    0.21328E-02    0.17255E+04
    0.21758E-02    0.17551E+04
    0.22198E-02    0.17851E+04
    0.22646E-02    0.18155E+04
    0.23104E-02    0.18463E+04
    0.23571E-02    0.18775E+04
    0.24047E-02    0.19091E+04
    0.24533E-02    0.19411E+04
    0.25028E-02    0.19736E+04
    0.25534E-02    0.20064E+04
    0.26050E-02    0.20397E+04
    0.26576E-02    0.20734E+04
    0.27113E-02    0.21075E+04
    0.27660E-02    0.21419E+04
    0.28219E-02    0.21768E+04
    0.28789E-02    0.22121E+04
    0.29371E-02    0.22478E+04
    0.29964E-02    0.22839E+04
    0.30569E-02    0.23204E+04
    0.31187E-02    0.23573E+04
    0.31817E-02    0.23945E+04
    0.32460E-02    0.24322E+04
    0.33115E-02    0.24702E+04
    0.33784E-02    0.25086E+04
    0.34467E-02    0.25474E+04
    0.35163E-02    0.25865E+04
    0.35874E-02    0.26260E+04
    0.36598E-02    0.26658E+04
    0.37338E-02    0.27060E+04
    0.38092E-02    0.27465E+04
    0.38861E-02    0.27874E+04
    0.39646E-02    0.28285E+04
    0.40447E-02    0.28700E+04
    0.41264E-02    0.29118E+04
    0.42098E-02    0.29539E+04
    0.42948E-02    0.29963E+04
    0.43816E-02    0.30389E+04
    0.44701E-02    0.30818E+04
    0.45604E-02    0.31248E+04
    0.46525E-02    0.31680E+04
    0.47465E-02    0.32112E+04
    0.48424E-02    0.32545E+04
    0.49402E-02    0.32980E+04
    0.50400E-02    0.33417E+04
    0.51419E-02    0.33856E+04
    0.52457E-02    0.34298E+04
    0.53517E-02    0.34741E+04
    0.54598E-02    0.35187E+04
    0.55701E-02    0.35633E+04
    0.56826E-02    0.36079E+04
    0.57974E-02    0.36526E+04
    0.59145E-02    0.36972E+04
    0.60340E-02    0.37418E+04
    0.61559E-02    0.37863E+04
    0.62803E-02    0.38307E+04
    0.64072E-02    0.38751E+04
    0.65366E-02    0.39193E+04
    0.66686E-02    0.39634E+04
    0.68033E-02    0.40072E+04
    0.69408E-02    0.40509E+04
    0.70810E-02    0.40943E+04
    0.72240E-02    0.41374E+04
    0.73700E-02    0.41803E+04
    0.75189E-02    0.42227E+04
    0.76708E-02    0.42648E+04
    0.78257E-02    0.43064E+04
    0.79838E-02    0.43476E+04
    0.81451E-02    0.43883E+04
    0.83096E-02    0.44285E+04
    0.84775E-02    0.44680E+04
    0.86488E-02    0.45070E+04
    0.88235E-02    0.45452E+04
    0.90017E-02    0.45828E+04
    0.91836E-02    0.46196E+04
    0.93691E-02    0.46556E+04
    0.95583E-02    0.46908E+04
    0.97514E-02    0.47251E+04
    0.99484E-02    0.47584E+04
    0.10149E-01    0.47907E+04
    0.10354E-01    0.48220E+04
    0.10564E-01    0.48522E+04
    0.10777E-01    0.48813E+04
    0.10995E-01    0.49091E+04
    0.11217E-01    0.49356E+04
    0.11443E-01    0.49609E+04
    0.11675E-01    0.49847E+04
    0.11910E-01    0.50071E+04
    0.12151E-01    0.50281E+04
    0.12397E-01    0.50477E+04
    0.12647E-01    0.50657E+04
    0.12902E-01    0.50821E+04
    0.13163E-01    0.50967E+04
    0.13429E-01    0.51094E+04
    0.13700E-01    0.51201E+04
    0.13977E-01    0.51285E+04
    0.14259E-01    0.51349E+04
    0.14547E-01    0.51396E+04
    0.14841E-01    0.51429E+04
    0.15141E-01    0.51451E+04
    0.15447E-01    0.51464E+04
    0.15759E-01    0.51465E+04
    0.16077E-01    0.51448E+04
    0.16402E-01    0.51407E+04
    0.16734E-01    0.51336E+04
    0.17072E-01    0.51231E+04
    0.17416E-01    0.51091E+04
    0.17768E-01    0.50922E+04
    0.18127E-01    0.50726E+04
    0.18493E-01    0.50508E+04
    0.18867E-01    0.50271E+04
    0.19248E-01    0.50011E+04
    0.19637E-01    0.49726E+04
    0.20034E-01    0.49412E+04
    0.20438E-01    0.49064E+04
    0.20851E-01    0.48682E+04
    0.21272E-01    0.48268E+04
    0.21702E-01    0.47827E+04
    0.22141E-01    0.47362E+04
    0.22588E-01    0.46878E+04
    0.23044E-01    0.46379E+04
    0.23510E-01    0.45864E+04
    0.23985E-01    0.45335E+04
    0.24469E-01    0.44790E+04
    0.24964E-01    0.44230E+04
    0.25468E-01    0.43655E+04
    0.25982E-01    0.43064E+04
    0.26507E-01    0.42456E+04
    0.27043E-01    0.41832E+04
    0.27589E-01    0.41190E+04
    0.28146E-01    0.40532E+04
    0.28715E-01    0.39858E+04
    0.29295E-01    0.39172E+04
    0.29887E-01    0.38476E+04
    0.30490E-01    0.37771E+04
    0.31106E-01    0.37060E+04
    0.31735E-01    0.36346E+04
    0.32376E-01    0.35632E+04
    0.33030E-01    0.34920E+04
    0.33697E-01    0.34213E+04
    0.34378E-01    0.33513E+04
    0.35072E-01    0.32822E+04
    0.35781E-01    0.32141E+04
    0.36504E-01    0.31472E+04
    0.37241E-01    0.30815E+04
    0.37993E-01    0.30173E+04
    0.38761E-01    0.29545E+04
    0.39544E-01    0.28934E+04
    0.40343E-01    0.28340E+04
    0.41158E-01    0.27763E+04
    0.41989E-01    0.27206E+04
    0.42838E-01    0.26670E+04
    0.43703E-01    0.26156E+04
    0.44586E-01    0.25668E+04
    0.45486E-01    0.25205E+04
    0.46405E-01    0.24767E+04
    0.47343E-01    0.24354E+04
    0.48299E-01    0.23961E+04
    0.49275E-01    0.23588E+04
    0.50270E-01    0.23233E+04
    0.51286E-01    0.22895E+04
    0.52322E-01    0.22571E+04
    0.53379E-01    0.22260E+04
    0.54457E-01    0.21960E+04
    0.55557E-01    0.21668E+04
    0.56680E-01    0.21381E+04
    0.57825E-01    0.21096E+04
    0.58993E-01    0.20810E+04
    0.60184E-01    0.20519E+04
    0.61400E-01    0.20223E+04
    0.62641E-01    0.19917E+04
    0.63906E-01    0.19598E+04
    0.65197E-01    0.19261E+04
    0.66514E-01    0.18902E+04
    0.67858E-01    0.18524E+04
    0.69229E-01    0.18133E+04
    0.70627E-01    0.17732E+04
    0.72054E-01    0.17317E+04
    0.73510E-01    0.16875E+04
    0.74994E-01    0.16401E+04
    0.76509E-01    0.15901E+04
    0.78055E-01    0.15385E+04
    0.79632E-01    0.14862E+04
    0.81241E-01    0.14335E+04
    0.82882E-01    0.13808E+04
    0.84556E-01    0.13286E+04
    0.86264E-01    0.12774E+04
    0.88007E-01    0.12278E+04
    0.89785E-01    0.11803E+04
    0.91598E-01    0.11354E+04
    0.93449E-01    0.10936E+04
    0.95337E-01    0.10551E+04
    0.97263E-01    0.10202E+04
    0.99227E-01    0.98904E+03
    0.10123E+00    0.96145E+03
    0.10328E+00    0.93734E+03
    0.10536E+00    0.91631E+03
    0.10749E+00    0.89794E+03
    0.10966E+00    0.88169E+03
    0.11188E+00    0.86692E+03
    0.11414E+00    0.85298E+03
    0.11644E+00    0.83915E+03
    0.11880E+00    0.82475E+03
    0.12120E+00    0.80913E+03
    0.12365E+00    0.79175E+03
    0.12614E+00    0.77226E+03
    0.12869E+00    0.75049E+03
    0.13129E+00    0.72653E+03
    0.13394E+00    0.70065E+03
    0.13665E+00    0.67330E+03
    0.13941E+00    0.64504E+03
    0.14223E+00    0.61654E+03
    0.14510E+00    0.58852E+03
    0.14803E+00    0.56178E+03
    0.15102E+00    0.53706E+03
    0.15407E+00    0.51494E+03
    0.15718E+00    0.49574E+03
    0.16036E+00    0.47949E+03
    0.16360E+00    0.46589E+03
    0.16690E+00    0.45445E+03
    0.17028E+00    0.44459E+03
    0.17371E+00    0.43566E+03
    0.17722E+00    0.42697E+03
    0.18080E+00    0.41779E+03
    0.18446E+00    0.40747E+03
    0.18818E+00    0.39560E+03
    0.19198E+00    0.38211E+03
    0.19586E+00    0.36733E+03
    0.19982E+00    0.35181E+03
    0.20386E+00    0.33618E+03
    0.20797E+00    0.32108E+03
    0.21218E+00    0.30710E+03
    0.21646E+00    0.29468E+03
    0.22083E+00    0.28405E+03
    0.22530E+00    0.27513E+03
    0.22985E+00    0.26756E+03
    0.23449E+00    0.26082E+03
    0.23923E+00    0.25432E+03
    0.24406E+00    0.24749E+03
    0.24899E+00    0.23997E+03
    0.25402E+00    0.23165E+03
    0.25915E+00    0.22272E+03
    0.26439E+00    0.21355E+03
    0.26973E+00    0.20460E+03
    0.27518E+00    0.19628E+03
    0.28074E+00    0.18888E+03
    0.28641E+00    0.18245E+03
    0.29219E+00    0.17681E+03
    0.29810E+00    0.17164E+03
    0.30412E+00    0.16656E+03
    0.31026E+00    0.16130E+03
    0.31653E+00    0.15573E+03
    0.32292E+00    0.14992E+03
    0.32945E+00    0.14412E+03
    0.33610E+00    0.13858E+03
    0.34289E+00    0.13350E+03
    0.34982E+00    0.12890E+03
    0.35689E+00    0.12472E+03
    0.36409E+00    0.12076E+03
    0.37145E+00    0.11683E+03
    0.37895E+00    0.11284E+03
    0.38661E+00    0.10881E+03
    0.39442E+00    0.10484E+03
    0.40239E+00    0.10107E+03
    0.41052E+00    0.97557E+02
    0.41881E+00    0.94290E+02
    0.42727E+00    0.91188E+02
    0.43590E+00    0.88158E+02
    0.44471E+00    0.85156E+02
    0.45369E+00    0.82198E+02
    0.46286E+00    0.79341E+02
    0.47221E+00    0.76629E+02
    0.48174E+00    0.74062E+02
    0.49148E+00    0.71614E+02
    0.50141E+00    0.69236E+02
    0.51153E+00    0.66916E+02
    0.52187E+00    0.64662E+02
    0.53241E+00    0.62497E+02
    0.54317E+00    0.60429E+02
    0.55414E+00    0.58444E+02
    0.56533E+00    0.56527E+02
    0.57675E+00    0.54676E+02
    0.58840E+00    0.52891E+02
    0.60029E+00    0.51172E+02
    0.61242E+00    0.49515E+02
    0.62479E+00    0.47920E+02
    0.63741E+00    0.46383E+02
    0.65029E+00    0.44902E+02
    0.66342E+00    0.43475E+02
    0.67683E+00    0.42100E+02
    0.69050E+00    0.40774E+02
    0.70445E+00    0.39496E+02
    0.71868E+00    0.38265E+02
    0.73320E+00    0.37077E+02
    0.74801E+00    0.35932E+02
    0.76312E+00    0.34827E+02
    0.77854E+00    0.33762E+02
    0.79426E+00    0.32734E+02
    0.81031E+00    0.31743E+02
    0.82668E+00    0.30787E+02
    0.84338E+00    0.29864E+02
    0.86041E+00    0.28974E+02
    0.87780E+00    0.28114E+02
    0.89553E+00    0.27285E+02
    0.91362E+00    0.26484E+02
    0.93208E+00    0.25711E+02
    0.95091E+00    0.24964E+02
    0.97011E+00    0.24243E+02
    0.98971E+00    0.23546E+02
    0.10097E+01    0.22873E+02
    0.10301E+01    0.22222E+02
    0.10509E+01    0.21593E+02
    0.10721E+01    0.20985E+02
    0.10938E+01    0.20397E+02
    0.11159E+01    0.19829E+02
    0.11384E+01    0.19279E+02
    0.11614E+01    0.18747E+02
    0.11849E+01    0.18231E+02
    0.12088E+01    0.17733E+02
    0.12333E+01    0.17250E+02
    0.12582E+01    0.16782E+02
    0.12836E+01    0.16329E+02
    0.13095E+01    0.15890E+02
    0.13360E+01    0.15465E+02
    0.13630E+01    0.15053E+02
    0.13905E+01    0.14653E+02
    0.14186E+01    0.14265E+02
    0.14472E+01    0.13889E+02
    0.14765E+01    0.13524E+02
    0.15063E+01    0.13170E+02
    0.15367E+01    0.12827E+02
    0.15678E+01    0.12493E+02
    0.15994E+01    0.12169E+02
    0.16318E+01    0.11854E+02
    0.16647E+01    0.11548E+02
    0.16984E+01    0.11251E+02
    0.17327E+01    0.10962E+02
    0.17677E+01    0.10681E+02
    0.18034E+01    0.10408E+02
    0.18398E+01    0.10142E+02
    0.18770E+01    0.98832E+01
    0.19149E+01    0.96314E+01
    0.19536E+01    0.93861E+01
    0.19930E+01    0.91473E+01
    0.20333E+01    0.89147E+01
    0.20744E+01    0.86881E+01
    0.21163E+01    0.84674E+01
    0.21590E+01    0.82524E+01
    0.22026E+01    0.80428E+01
    0.22471E+01    0.78387E+01
    0.22925E+01    0.76398E+01
    0.23388E+01    0.74459E+01
    0.23861E+01    0.72570E+01
