    0.10000E-03    0.40019E+03
    0.10202E-03    0.40794E+03
    0.10408E-03    0.41585E+03
    0.10618E-03    0.42390E+03
    0.10833E-03    0.43211E+03
    0.11052E-03    0.44048E+03
    0.11275E-03    0.44902E+03
    0.11503E-03    0.45771E+03
    0.11735E-03    0.46658E+03
    0.11972E-03    0.47562E+03
    0.12214E-03    0.48483E+03
    0.12461E-03    0.49422E+03
    0.12712E-03    0.50379E+03
    0.12969E-03    0.51355E+03
    0.13231E-03    0.52349E+03
    0.13499E-03    0.53363E+03
    0.13771E-03    0.54396E+03
    0.14049E-03    0.55450E+03
    0.14333E-03    0.56523E+03
    0.14623E-03    0.57618E+03
    0.14918E-03    0.58733E+03
    0.15220E-03    0.59870E+03
    0.15527E-03    0.61029E+03
    0.15841E-03    0.62211E+03
    0.16161E-03    0.63415E+03
    0.16487E-03    0.64642E+03
    0.16820E-03    0.65894E+03
    0.17160E-03    0.67169E+03
    0.17507E-03    0.68469E+03
    0.17860E-03    0.69793E+03
    0.18221E-03    0.71144E+03
    0.18589E-03    0.72520E+03
    0.18965E-03    0.73923E+03
    0.19348E-03    0.75353E+03
    0.19739E-03    0.76811E+03
    0.20138E-03    0.78296E+03
    0.20544E-03    0.79810E+03
    0.20959E-03    0.81354E+03
    0.21383E-03    0.82927E+03
    0.21815E-03    0.84530E+03
    0.22255E-03    0.86164E+03
    0.22705E-03    0.87829E+03
    0.23164E-03    0.89527E+03
    0.23632E-03    0.91257E+03
    0.24109E-03    0.93020E+03
    0.24596E-03    0.94817E+03
    0.25093E-03    0.96649E+03
    0.25600E-03    0.98516E+03
    0.26117E-03    0.10042E+04
    0.26645E-03    0.10236E+04
    0.27183E-03    0.10433E+04
    0.27732E-03    0.10635E+04
    0.28292E-03    0.10840E+04
    0.28864E-03    0.11049E+04
    0.29447E-03    0.11262E+04
    0.30042E-03    0.11479E+04
    0.30649E-03    0.11701E+04
    0.31268E-03    0.11926E+04
    0.31899E-03    0.12156E+04
    0.32544E-03    0.12391E+04
    0.33201E-03    0.12629E+04
    0.33872E-03    0.12873E+04
    0.34556E-03    0.13121E+04
    0.35254E-03    0.13373E+04
    0.35966E-03    0.13631E+04
    0.36693E-03    0.13893E+04
    0.37434E-03    0.14160E+04
    0.38190E-03    0.14433E+04
    0.38962E-03    0.14710E+04
    0.39749E-03    0.14993E+04
    0.40552E-03    0.15281E+04
    0.41371E-03    0.15574E+04
    0.42207E-03    0.15873E+04
    0.43060E-03    0.16178E+04
    0.43929E-03    0.16489E+04
    0.44817E-03    0.16805E+04
    0.45722E-03    0.17127E+04
    0.46646E-03    0.17455E+04
    0.47588E-03    0.17790E+04
    0.48550E-03    0.18130E+04
    0.49530E-03    0.18477E+04
    0.50531E-03    0.18831E+04
    0.51552E-03    0.19191E+04
    0.52593E-03    0.19558E+04
    0.53656E-03    0.19931E+04
    0.54739E-03    0.20312E+04
    0.55845E-03    0.20699E+04
    0.56973E-03    0.21094E+04
    0.58124E-03    0.21496E+04
    0.59299E-03    0.21906E+04
    0.60496E-03    0.22323E+04
    0.61719E-03    0.22748E+04
    0.62965E-03    0.23180E+04
    0.64237E-03    0.23621E+04
    0.65535E-03    0.24069E+04
    0.66859E-03    0.24526E+04
    0.68210E-03    0.24991E+04
    0.69588E-03    0.25464E+04
    0.70993E-03    0.25946E+04
    0.72427E-03    0.26437E+04
    0.73891E-03    0.26937E+04
    0.75383E-03    0.27446E+04
    0.76906E-03    0.27964E+04
    0.78460E-03    0.28491E+04
    0.80045E-03    0.29027E+04
    0.81662E-03    0.29574E+04
    0.83311E-03    0.30130E+04
    0.84994E-03    0.30696E+04
    0.86711E-03    0.31272E+04
    0.88463E-03    0.31858E+04
    0.90250E-03    0.32454E+04
    0.92073E-03    0.33061E+04
    0.93933E-03    0.33679E+04
    0.95831E-03    0.34307E+04
    0.97767E-03    0.34947E+04
    0.99742E-03    0.35598E+04
    0.10176E-02    0.36259E+04
    0.10381E-02    0.36933E+04
    0.10591E-02    0.37618E+04
    0.10805E-02    0.38314E+04
    0.11023E-02    0.39023E+04
    0.11246E-02    0.39744E+04
    0.11473E-02    0.40477E+04
    0.11705E-02    0.41222E+04
    0.11941E-02    0.41980E+04
    0.12182E-02    0.42751E+04
    0.12429E-02    0.43534E+04
    0.12680E-02    0.44331E+04
    0.12936E-02    0.45141E+04
    0.13197E-02    0.45964E+04
    0.13464E-02    0.46801E+04
    0.13736E-02    0.47651E+04
    0.14013E-02    0.48515E+04
    0.14296E-02    0.49393E+04
    0.14585E-02    0.50286E+04
    0.14880E-02    0.51192E+04
    0.15180E-02    0.52113E+04
    0.15487E-02    0.53049E+04
    0.15800E-02    0.53999E+04
    0.16119E-02    0.54964E+04
    0.16445E-02    0.55944E+04
    0.16777E-02    0.56939E+04
    0.17116E-02    0.57950E+04
    0.17462E-02    0.58975E+04
    0.17814E-02    0.60017E+04
    0.18174E-02    0.61074E+04
    0.18541E-02    0.62146E+04
    0.18916E-02    0.63235E+04
    0.19298E-02    0.64339E+04
    0.19688E-02    0.65459E+04
    0.20086E-02    0.66596E+04
    0.20491E-02    0.67748E+04
    0.20905E-02    0.68917E+04
    0.21328E-02    0.70103E+04
    0.21758E-02    0.71304E+04
    0.22198E-02    0.72522E+04
    0.22646E-02    0.73757E+04
    0.23104E-02    0.75008E+04
    0.23571E-02    0.76276E+04
    0.24047E-02    0.77561E+04
    0.24533E-02    0.78862E+04
    0.25028E-02    0.80180E+04
    0.25534E-02    0.81514E+04
    0.26050E-02    0.82865E+04
    0.26576E-02    0.84232E+04
    0.27113E-02    0.85616E+04
    0.27660E-02    0.87017E+04
    0.28219E-02    0.88434E+04
    0.28789E-02    0.89868E+04
    0.29371E-02    0.91317E+04
    0.29964E-02    0.92783E+04
    0.30569E-02    0.94265E+04
    0.31187E-02    0.95762E+04
    0.31817E-02    0.97276E+04
    0.32460E-02    0.98805E+04
    0.33115E-02    0.10035E+05
    0.33784E-02    0.10191E+05
    0.34467E-02    0.10348E+05
    0.35163E-02    0.10507E+05
    0.35874E-02    0.10668E+05
    0.36598E-02    0.10830E+05
    0.37338E-02    0.10993E+05
    0.38092E-02    0.11157E+05
    0.38861E-02    0.11323E+05
    0.39646E-02    0.11490E+05
    0.40447E-02    0.11658E+05
    0.41264E-02    0.11828E+05
    0.42098E-02    0.12000E+05
    0.42948E-02    0.12173E+05
    0.43816E-02    0.12347E+05
    0.44701E-02    0.12522E+05
    0.45604E-02    0.12696E+05
    0.46525E-02    0.12868E+05
    0.47465E-02    0.13039E+05
    0.48424E-02    0.13210E+05
    0.49402E-02    0.13380E+05
    0.50400E-02    0.13552E+05
    0.51419E-02    0.13726E+05
    0.52457E-02    0.13903E+05
    0.53517E-02    0.14082E+05
    0.54598E-02    0.14263E+05
    0.55701E-02    0.14444E+05
    0.56826E-02    0.14625E+05
    0.57974E-02    0.14806E+05
    0.59145E-02    0.14986E+05
    0.60340E-02    0.15166E+05
    0.61559E-02    0.15345E+05
    0.62803E-02    0.15524E+05
    0.64072E-02    0.15703E+05
    0.65366E-02    0.15882E+05
    0.66686E-02    0.16060E+05
    0.68033E-02    0.16237E+05
    0.69408E-02    0.16413E+05
    0.70810E-02    0.16588E+05
    0.72240E-02    0.16762E+05
    0.73700E-02    0.16934E+05
    0.75189E-02    0.17105E+05
    0.76708E-02    0.17275E+05
    0.78257E-02    0.17442E+05
    0.79838E-02    0.17608E+05
    0.81451E-02    0.17772E+05
    0.83096E-02    0.17933E+05
    0.84775E-02    0.18092E+05
    0.86488E-02    0.18249E+05
    0.88235E-02    0.18403E+05
    0.90017E-02    0.18554E+05
    0.91836E-02    0.18701E+05
    0.93691E-02    0.18846E+05
    0.95583E-02    0.18987E+05
    0.97514E-02    0.19124E+05
    0.99484E-02    0.19258E+05
    0.10149E-01    0.19387E+05
    0.10354E-01    0.19512E+05
    0.10564E-01    0.19633E+05
    0.10777E-01    0.19749E+05
    0.10995E-01    0.19860E+05
    0.11217E-01    0.19966E+05
    0.11443E-01    0.20066E+05
    0.11675E-01    0.20161E+05
    0.11910E-01    0.20250E+05
    0.12151E-01    0.20333E+05
    0.12397E-01    0.20410E+05
    0.12647E-01    0.20481E+05
    0.12902E-01    0.20545E+05
    0.13163E-01    0.20602E+05
    0.13429E-01    0.20652E+05
    0.13700E-01    0.20693E+05
    0.13977E-01    0.20725E+05
    0.14259E-01    0.20748E+05
    0.14547E-01    0.20765E+05
    0.14841E-01    0.20776E+05
    0.15141E-01    0.20783E+05
    0.15447E-01    0.20786E+05
    0.15759E-01    0.20784E+05
    0.16077E-01    0.20774E+05
    0.16402E-01    0.20755E+05
    0.16734E-01    0.20724E+05
    0.17072E-01    0.20679E+05
    0.17416E-01    0.20620E+05
    0.17768E-01    0.20549E+05
    0.18127E-01    0.20468E+05
    0.18493E-01    0.20377E+05
    0.18867E-01    0.20279E+05
    0.19248E-01    0.20171E+05
    0.19637E-01    0.20054E+05
    0.20034E-01    0.19924E+05
    0.20438E-01    0.19781E+05
    0.20851E-01    0.19625E+05
    0.21272E-01    0.19455E+05
    0.21702E-01    0.19274E+05
    0.22141E-01    0.19084E+05
    0.22588E-01    0.18887E+05
    0.23044E-01    0.18683E+05
    0.23510E-01    0.18473E+05
    0.23985E-01    0.18257E+05
    0.24469E-01    0.18035E+05
    0.24964E-01    0.17807E+05
    0.25468E-01    0.17573E+05
    0.25982E-01    0.17332E+05
    0.26507E-01    0.17085E+05
    0.27043E-01    0.16832E+05
    0.27589E-01    0.16571E+05
    0.28146E-01    0.16304E+05
    0.28715E-01    0.16031E+05
    0.29295E-01    0.15753E+05
    0.29887E-01    0.15471E+05
    0.30490E-01    0.15186E+05
    0.31106E-01    0.14898E+05
    0.31735E-01    0.14610E+05
    0.32376E-01    0.14321E+05
    0.33030E-01    0.14034E+05
    0.33697E-01    0.13748E+05
    0.34378E-01    0.13466E+05
    0.35072E-01    0.13187E+05
    0.35781E-01    0.12912E+05
    0.36504E-01    0.12643E+05
    0.37241E-01    0.12378E+05
    0.37993E-01    0.12119E+05
    0.38761E-01    0.11867E+05
    0.39544E-01    0.11621E+05
    0.40343E-01    0.11381E+05
    0.41158E-01    0.11150E+05
    0.41989E-01    0.10926E+05
    0.42838E-01    0.10710E+05
    0.43703E-01    0.10504E+05
    0.44586E-01    0.10307E+05
    0.45486E-01    0.10121E+05
    0.46405E-01    0.99452E+04
    0.47343E-01    0.97788E+04
    0.48299E-01    0.96210E+04
    0.49275E-01    0.94710E+04
    0.50270E-01    0.93282E+04
    0.51286E-01    0.91919E+04
    0.52322E-01    0.90614E+04
    0.53379E-01    0.89361E+04
    0.54457E-01    0.88154E+04
    0.55557E-01    0.86979E+04
    0.56680E-01    0.85824E+04
    0.57825E-01    0.84675E+04
    0.58993E-01    0.83523E+04
    0.60184E-01    0.82355E+04
    0.61400E-01    0.81164E+04
    0.62641E-01    0.79938E+04
    0.63906E-01    0.78661E+04
    0.65197E-01    0.77313E+04
    0.66514E-01    0.75883E+04
    0.67858E-01    0.74379E+04
    0.69229E-01    0.72824E+04
    0.70627E-01    0.71233E+04
    0.72054E-01    0.69585E+04
    0.73510E-01    0.67839E+04
    0.74994E-01    0.65968E+04
    0.76509E-01    0.63998E+04
    0.78055E-01    0.61970E+04
    0.79632E-01    0.59916E+04
    0.81241E-01    0.57851E+04
    0.82882E-01    0.55787E+04
    0.84556E-01    0.53743E+04
    0.86264E-01    0.51742E+04
    0.88007E-01    0.49805E+04
    0.89785E-01    0.47953E+04
    0.91598E-01    0.46205E+04
    0.93449E-01    0.44575E+04
    0.95337E-01    0.43077E+04
    0.97263E-01    0.41719E+04
    0.99227E-01    0.40505E+04
    0.10123E+00    0.39430E+04
    0.10328E+00    0.38490E+04
    0.10536E+00    0.37669E+04
    0.10749E+00    0.36950E+04
    0.10966E+00    0.36313E+04
    0.11188E+00    0.35732E+04
    0.11414E+00    0.35184E+04
    0.11644E+00    0.34640E+04
    0.11880E+00    0.34075E+04
    0.12120E+00    0.33463E+04
    0.12365E+00    0.32785E+04
    0.12614E+00    0.32028E+04
    0.12869E+00    0.31184E+04
    0.13129E+00    0.30259E+04
    0.13394E+00    0.29262E+04
    0.13665E+00    0.28211E+04
    0.13941E+00    0.27127E+04
    0.14223E+00    0.26035E+04
    0.14510E+00    0.24963E+04
    0.14803E+00    0.23941E+04
    0.15102E+00    0.22996E+04
    0.15407E+00    0.22151E+04
    0.15718E+00    0.21416E+04
    0.16036E+00    0.20792E+04
    0.16360E+00    0.20268E+04
    0.16690E+00    0.19825E+04
    0.17028E+00    0.19441E+04
    0.17371E+00    0.19092E+04
    0.17722E+00    0.18752E+04
    0.18080E+00    0.18393E+04
    0.18446E+00    0.17993E+04
    0.18818E+00    0.17535E+04
    0.19198E+00    0.17018E+04
    0.19586E+00    0.16454E+04
    0.19982E+00    0.15863E+04
    0.20386E+00    0.15269E+04
    0.20797E+00    0.14696E+04
    0.21218E+00    0.14164E+04
    0.21646E+00    0.13691E+04
    0.22083E+00    0.13283E+04
    0.22530E+00    0.12939E+04
    0.22985E+00    0.12644E+04
    0.23449E+00    0.12379E+04
    0.23923E+00    0.12122E+04
    0.24406E+00    0.11855E+04
    0.24899E+00    0.11562E+04
    0.25402E+00    0.11240E+04
    0.25915E+00    0.10897E+04
    0.26439E+00    0.10546E+04
    0.26973E+00    0.10204E+04
    0.27518E+00    0.98840E+03
    0.28074E+00    0.95976E+03
    0.28641E+00    0.93462E+03
    0.29219E+00    0.91233E+03
    0.29810E+00    0.89168E+03
    0.30412E+00    0.87137E+03
    0.31026E+00    0.85044E+03
    0.31653E+00    0.82844E+03
    0.32292E+00    0.80565E+03
    0.32945E+00    0.78290E+03
    0.33610E+00    0.76116E+03
    0.34289E+00    0.74098E+03
    0.34982E+00    0.72253E+03
    0.35689E+00    0.70552E+03
    0.36409E+00    0.68929E+03
    0.37145E+00    0.67318E+03
    0.37895E+00    0.65688E+03
    0.38661E+00    0.64047E+03
    0.39442E+00    0.62431E+03
    0.40239E+00    0.60885E+03
    0.41052E+00    0.59427E+03
    0.41881E+00    0.58053E+03
    0.42727E+00    0.56736E+03
    0.43590E+00    0.55445E+03
    0.44471E+00    0.54165E+03
    0.45369E+00    0.52903E+03
    0.46286E+00    0.51676E+03
    0.47221E+00    0.50499E+03
    0.48174E+00    0.49370E+03
    0.49148E+00    0.48282E+03
    0.50141E+00    0.47218E+03
    0.51153E+00    0.46175E+03
    0.52187E+00    0.45156E+03
    0.53241E+00    0.44167E+03
    0.54317E+00    0.43210E+03
    0.55414E+00    0.42281E+03
    0.56533E+00    0.41375E+03
    0.57675E+00    0.40492E+03
    0.58840E+00    0.39632E+03
    0.60029E+00    0.38793E+03
    0.61242E+00    0.37976E+03
    0.62479E+00    0.37179E+03
    0.63741E+00    0.36402E+03
    0.65029E+00    0.35644E+03
    0.66342E+00    0.34903E+03
    0.67683E+00    0.34181E+03
    0.69050E+00    0.33474E+03
    0.70445E+00    0.32784E+03
    0.71868E+00    0.32110E+03
    0.73320E+00    0.31450E+03
    0.74801E+00    0.30804E+03
    0.76312E+00    0.30172E+03
    0.77854E+00    0.29553E+03
    0.79426E+00    0.28947E+03
    0.81031E+00    0.28353E+03
    0.82668E+00    0.27771E+03
    0.84338E+00    0.27201E+03
    0.86041E+00    0.26641E+03
    0.87780E+00    0.26093E+03
    0.89553E+00    0.25554E+03
    0.91362E+00    0.25026E+03
    0.93208E+00    0.24507E+03
    0.95091E+00    0.23998E+03
    0.97011E+00    0.23498E+03
    0.98971E+00    0.23006E+03
    0.10097E+01    0.22523E+03
    0.10301E+01    0.22049E+03
    0.10509E+01    0.21582E+03
    0.10721E+01    0.21124E+03
    0.10938E+01    0.20673E+03
    0.11159E+01    0.20229E+03
    0.11384E+01    0.19793E+03
    0.11614E+01    0.19364E+03
    0.11849E+01    0.18942E+03
    0.12088E+01    0.18527E+03
    0.12333E+01    0.18118E+03
    0.12582E+01    0.17716E+03
    0.12836E+01    0.17320E+03
    0.13095E+01    0.16930E+03
    0.13360E+01    0.16547E+03
    0.13630E+01    0.16169E+03
    0.13905E+01    0.15797E+03
    0.14186E+01    0.15432E+03
    0.14472E+01    0.15072E+03
    0.14765E+01    0.14718E+03
    0.15063E+01    0.14370E+03
    0.15367E+01    0.14028E+03
    0.15678E+01    0.13691E+03
    0.15994E+01    0.13360E+03
    0.16318E+01    0.13034E+03
    0.16647E+01    0.12714E+03
    0.16984E+01    0.12400E+03
    0.17327E+01    0.12090E+03
    0.17677E+01    0.11786E+03
    0.18034E+01    0.11486E+03
    0.18398E+01    0.11192E+03
    0.18770E+01    0.10901E+03
    0.19149E+01    0.10616E+03
    0.19536E+01    0.10335E+03
    0.19930E+01    0.10059E+03
    0.20333E+01    0.97865E+02
    0.20744E+01    0.95194E+02
    0.21163E+01    0.92573E+02
    0.21590E+01    0.90007E+02
    0.22026E+01    0.87497E+02
    0.22471E+01    0.85046E+02
    0.22925E+01    0.82654E+02
    0.23388E+01    0.80322E+02
    0.23861E+01    0.78053E+02
