    0.10000E-03    0.48372E+03
    0.10202E-03    0.49309E+03
    0.10408E-03    0.50265E+03
    0.10618E-03    0.51238E+03
    0.10833E-03    0.52231E+03
    0.11052E-03    0.53243E+03
    0.11275E-03    0.54274E+03
    0.11503E-03    0.55325E+03
    0.11735E-03    0.56397E+03
    0.11972E-03    0.57489E+03
    0.12214E-03    0.58603E+03
    0.12461E-03    0.59738E+03
    0.12712E-03    0.60895E+03
    0.12969E-03    0.62074E+03
    0.13231E-03    0.63276E+03
    0.13499E-03    0.64502E+03
    0.13771E-03    0.65751E+03
    0.14049E-03    0.67024E+03
    0.14333E-03    0.68321E+03
    0.14623E-03    0.69644E+03
    0.14918E-03    0.70993E+03
    0.15220E-03    0.72367E+03
    0.15527E-03    0.73768E+03
    0.15841E-03    0.75196E+03
    0.16161E-03    0.76651E+03
    0.16487E-03    0.78135E+03
    0.16820E-03    0.79647E+03
    0.17160E-03    0.81188E+03
    0.17507E-03    0.82759E+03
    0.17860E-03    0.84361E+03
    0.18221E-03    0.85993E+03
    0.18589E-03    0.87657E+03
    0.18965E-03    0.89352E+03
    0.19348E-03    0.91081E+03
    0.19739E-03    0.92842E+03
    0.20138E-03    0.94638E+03
    0.20544E-03    0.96468E+03
    0.20959E-03    0.98333E+03
    0.21383E-03    0.10023E+04
    0.21815E-03    0.10217E+04
    0.22255E-03    0.10415E+04
    0.22705E-03    0.10616E+04
    0.23164E-03    0.10821E+04
    0.23632E-03    0.11030E+04
    0.24109E-03    0.11243E+04
    0.24596E-03    0.11461E+04
    0.25093E-03    0.11682E+04
    0.25600E-03    0.11908E+04
    0.26117E-03    0.12138E+04
    0.26645E-03    0.12372E+04
    0.27183E-03    0.12611E+04
    0.27732E-03    0.12854E+04
    0.28292E-03    0.13102E+04
    0.28864E-03    0.13355E+04
    0.29447E-03    0.13613E+04
    0.30042E-03    0.13875E+04
    0.30649E-03    0.14143E+04
    0.31268E-03    0.14415E+04
    0.31899E-03    0.14693E+04
    0.32544E-03    0.14976E+04
    0.33201E-03    0.15265E+04
    0.33872E-03    0.15559E+04
    0.34556E-03    0.15858E+04
    0.35254E-03    0.16164E+04
    0.35966E-03    0.16475E+04
    0.36693E-03    0.16792E+04
    0.37434E-03    0.17115E+04
    0.38190E-03    0.17444E+04
    0.38962E-03    0.17779E+04
    0.39749E-03    0.18121E+04
    0.40552E-03    0.18469E+04
    0.41371E-03    0.18824E+04
    0.42207E-03    0.19185E+04
    0.43060E-03    0.19554E+04
    0.43929E-03    0.19929E+04
    0.44817E-03    0.20311E+04
    0.45722E-03    0.20700E+04
    0.46646E-03    0.21097E+04
    0.47588E-03    0.21501E+04
    0.48550E-03    0.21913E+04
    0.49530E-03    0.22332E+04
    0.50531E-03    0.22759E+04
    0.51552E-03    0.23194E+04
    0.52593E-03    0.23638E+04
    0.53656E-03    0.24089E+04
    0.54739E-03    0.24549E+04
    0.55845E-03    0.25017E+04
    0.56973E-03    0.25494E+04
    0.58124E-03    0.25980E+04
    0.59299E-03    0.26475E+04
    0.60496E-03    0.26979E+04
    0.61719E-03    0.27492E+04
    0.62965E-03    0.28015E+04
    0.64237E-03    0.28547E+04
    0.65535E-03    0.29089E+04
    0.66859E-03    0.29641E+04
    0.68210E-03    0.30203E+04
    0.69588E-03    0.30775E+04
    0.70993E-03    0.31358E+04
    0.72427E-03    0.31951E+04
    0.73891E-03    0.32555E+04
    0.75383E-03    0.33170E+04
    0.76906E-03    0.33795E+04
    0.78460E-03    0.34432E+04
    0.80045E-03    0.35081E+04
    0.81662E-03    0.35741E+04
    0.83311E-03    0.36413E+04
    0.84994E-03    0.37097E+04
    0.86711E-03    0.37793E+04
    0.88463E-03    0.38501E+04
    0.90250E-03    0.39222E+04
    0.92073E-03    0.39955E+04
    0.93933E-03    0.40702E+04
    0.95831E-03    0.41461E+04
    0.97767E-03    0.42234E+04
    0.99742E-03    0.43020E+04
    0.10176E-02    0.43820E+04
    0.10381E-02    0.44634E+04
    0.10591E-02    0.45462E+04
    0.10805E-02    0.46304E+04
    0.11023E-02    0.47160E+04
    0.11246E-02    0.48031E+04
    0.11473E-02    0.48917E+04
    0.11705E-02    0.49817E+04
    0.11941E-02    0.50733E+04
    0.12182E-02    0.51665E+04
    0.12429E-02    0.52612E+04
    0.12680E-02    0.53574E+04
    0.12936E-02    0.54553E+04
    0.13197E-02    0.55548E+04
    0.13464E-02    0.56559E+04
    0.13736E-02    0.57586E+04
    0.14013E-02    0.58631E+04
    0.14296E-02    0.59692E+04
    0.14585E-02    0.60770E+04
    0.14880E-02    0.61866E+04
    0.15180E-02    0.62978E+04
    0.15487E-02    0.64109E+04
    0.15800E-02    0.65257E+04
    0.16119E-02    0.66424E+04
    0.16445E-02    0.67608E+04
    0.16777E-02    0.68811E+04
    0.17116E-02    0.70032E+04
    0.17462E-02    0.71271E+04
    0.17814E-02    0.72530E+04
    0.18174E-02    0.73807E+04
    0.18541E-02    0.75103E+04
    0.18916E-02    0.76418E+04
    0.19298E-02    0.77753E+04
    0.19688E-02    0.79107E+04
    0.20086E-02    0.80480E+04
    0.20491E-02    0.81873E+04
    0.20905E-02    0.83286E+04
    0.21328E-02    0.84718E+04
    0.21758E-02    0.86170E+04
    0.22198E-02    0.87642E+04
    0.22646E-02    0.89134E+04
    0.23104E-02    0.90646E+04
    0.23571E-02    0.92179E+04
    0.24047E-02    0.93731E+04
    0.24533E-02    0.95303E+04
    0.25028E-02    0.96896E+04
    0.25534E-02    0.98508E+04
    0.26050E-02    0.10014E+05
    0.26576E-02    0.10179E+05
    0.27113E-02    0.10347E+05
    0.27660E-02    0.10516E+05
    0.28219E-02    0.10687E+05
    0.28789E-02    0.10860E+05
    0.29371E-02    0.11036E+05
    0.29964E-02    0.11213E+05
    0.30569E-02    0.11392E+05
    0.31187E-02    0.11573E+05
    0.31817E-02    0.11756E+05
    0.32460E-02    0.11940E+05
    0.33115E-02    0.12127E+05
    0.33784E-02    0.12315E+05
    0.34467E-02    0.12506E+05
    0.35163E-02    0.12698E+05
    0.35874E-02    0.12892E+05
    0.36598E-02    0.13088E+05
    0.37338E-02    0.13285E+05
    0.38092E-02    0.13483E+05
    0.38861E-02    0.13683E+05
    0.39646E-02    0.13885E+05
    0.40447E-02    0.14088E+05
    0.41264E-02    0.14294E+05
    0.42098E-02    0.14501E+05
    0.42948E-02    0.14711E+05
    0.43816E-02    0.14922E+05
    0.44701E-02    0.15133E+05
    0.45604E-02    0.15343E+05
    0.46525E-02    0.15551E+05
    0.47465E-02    0.15756E+05
    0.48424E-02    0.15960E+05
    0.49402E-02    0.16164E+05
    0.50400E-02    0.16370E+05
    0.51419E-02    0.16579E+05
    0.52457E-02    0.16792E+05
    0.53517E-02    0.17008E+05
    0.54598E-02    0.17226E+05
    0.55701E-02    0.17446E+05
    0.56826E-02    0.17665E+05
    0.57974E-02    0.17883E+05
    0.59145E-02    0.18100E+05
    0.60340E-02    0.18317E+05
    0.61559E-02    0.18534E+05
    0.62803E-02    0.18750E+05
    0.64072E-02    0.18965E+05
    0.65366E-02    0.19181E+05
    0.66686E-02    0.19395E+05
    0.68033E-02    0.19609E+05
    0.69408E-02    0.19821E+05
    0.70810E-02    0.20032E+05
    0.72240E-02    0.20242E+05
    0.73700E-02    0.20450E+05
    0.75189E-02    0.20656E+05
    0.76708E-02    0.20861E+05
    0.78257E-02    0.21063E+05
    0.79838E-02    0.21263E+05
    0.81451E-02    0.21460E+05
    0.83096E-02    0.21655E+05
    0.84775E-02    0.21847E+05
    0.86488E-02    0.22035E+05
    0.88235E-02    0.22221E+05
    0.90017E-02    0.22402E+05
    0.91836E-02    0.22580E+05
    0.93691E-02    0.22754E+05
    0.95583E-02    0.22924E+05
    0.97514E-02    0.23090E+05
    0.99484E-02    0.23250E+05
    0.10149E-01    0.23406E+05
    0.10354E-01    0.23557E+05
    0.10564E-01    0.23702E+05
    0.10777E-01    0.23842E+05
    0.10995E-01    0.23975E+05
    0.11217E-01    0.24102E+05
    0.11443E-01    0.24223E+05
    0.11675E-01    0.24337E+05
    0.11910E-01    0.24444E+05
    0.12151E-01    0.24543E+05
    0.12397E-01    0.24636E+05
    0.12647E-01    0.24721E+05
    0.12902E-01    0.24798E+05
    0.13163E-01    0.24867E+05
    0.13429E-01    0.24926E+05
    0.13700E-01    0.24974E+05
    0.13977E-01    0.25012E+05
    0.14259E-01    0.25040E+05
    0.14547E-01    0.25060E+05
    0.14841E-01    0.25073E+05
    0.15141E-01    0.25080E+05
    0.15447E-01    0.25083E+05
    0.15759E-01    0.25080E+05
    0.16077E-01    0.25068E+05
    0.16402E-01    0.25044E+05
    0.16734E-01    0.25006E+05
    0.17072E-01    0.24951E+05
    0.17416E-01    0.24879E+05
    0.17768E-01    0.24793E+05
    0.18127E-01    0.24694E+05
    0.18493E-01    0.24584E+05
    0.18867E-01    0.24464E+05
    0.19248E-01    0.24334E+05
    0.19637E-01    0.24191E+05
    0.20034E-01    0.24034E+05
    0.20438E-01    0.23861E+05
    0.20851E-01    0.23672E+05
    0.21272E-01    0.23466E+05
    0.21702E-01    0.23247E+05
    0.22141E-01    0.23017E+05
    0.22588E-01    0.22778E+05
    0.23044E-01    0.22532E+05
    0.23510E-01    0.22278E+05
    0.23985E-01    0.22017E+05
    0.24469E-01    0.21748E+05
    0.24964E-01    0.21472E+05
    0.25468E-01    0.21189E+05
    0.25982E-01    0.20899E+05
    0.26507E-01    0.20600E+05
    0.27043E-01    0.20294E+05
    0.27589E-01    0.19979E+05
    0.28146E-01    0.19656E+05
    0.28715E-01    0.19326E+05
    0.29295E-01    0.18991E+05
    0.29887E-01    0.18650E+05
    0.30490E-01    0.18305E+05
    0.31106E-01    0.17958E+05
    0.31735E-01    0.17609E+05
    0.32376E-01    0.17261E+05
    0.33030E-01    0.16914E+05
    0.33697E-01    0.16569E+05
    0.34378E-01    0.16228E+05
    0.35072E-01    0.15891E+05
    0.35781E-01    0.15560E+05
    0.36504E-01    0.15234E+05
    0.37241E-01    0.14915E+05
    0.37993E-01    0.14603E+05
    0.38761E-01    0.14298E+05
    0.39544E-01    0.14001E+05
    0.40343E-01    0.13712E+05
    0.41158E-01    0.13433E+05
    0.41989E-01    0.13163E+05
    0.42838E-01    0.12903E+05
    0.43703E-01    0.12654E+05
    0.44586E-01    0.12417E+05
    0.45486E-01    0.12192E+05
    0.46405E-01    0.11980E+05
    0.47343E-01    0.11780E+05
    0.48299E-01    0.11590E+05
    0.49275E-01    0.11409E+05
    0.50270E-01    0.11237E+05
    0.51286E-01    0.11073E+05
    0.52322E-01    0.10916E+05
    0.53379E-01    0.10766E+05
    0.54457E-01    0.10621E+05
    0.55557E-01    0.10480E+05
    0.56680E-01    0.10341E+05
    0.57825E-01    0.10203E+05
    0.58993E-01    0.10065E+05
    0.60184E-01    0.99248E+04
    0.61400E-01    0.97820E+04
    0.62641E-01    0.96350E+04
    0.63906E-01    0.94819E+04
    0.65197E-01    0.93204E+04
    0.66514E-01    0.91488E+04
    0.67858E-01    0.89685E+04
    0.69229E-01    0.87820E+04
    0.70627E-01    0.85913E+04
    0.72054E-01    0.83935E+04
    0.73510E-01    0.81840E+04
    0.74994E-01    0.79594E+04
    0.76509E-01    0.77228E+04
    0.78055E-01    0.74792E+04
    0.79632E-01    0.72324E+04
    0.81241E-01    0.69843E+04
    0.82882E-01    0.67363E+04
    0.84556E-01    0.64907E+04
    0.86264E-01    0.62502E+04
    0.88007E-01    0.60175E+04
    0.89785E-01    0.57952E+04
    0.91598E-01    0.55853E+04
    0.93449E-01    0.53898E+04
    0.95337E-01    0.52102E+04
    0.97263E-01    0.50476E+04
    0.99227E-01    0.49023E+04
    0.10123E+00    0.47740E+04
    0.10328E+00    0.46619E+04
    0.10536E+00    0.45642E+04
    0.10749E+00    0.44789E+04
    0.10966E+00    0.44036E+04
    0.11188E+00    0.43351E+04
    0.11414E+00    0.42706E+04
    0.11644E+00    0.42067E+04
    0.11880E+00    0.41401E+04
    0.12120E+00    0.40679E+04
    0.12365E+00    0.39876E+04
    0.12614E+00    0.38976E+04
    0.12869E+00    0.37971E+04
    0.13129E+00    0.36866E+04
    0.13394E+00    0.35673E+04
    0.13665E+00    0.34413E+04
    0.13941E+00    0.33112E+04
    0.14223E+00    0.31802E+04
    0.14510E+00    0.30515E+04
    0.14803E+00    0.29288E+04
    0.15102E+00    0.28155E+04
    0.15407E+00    0.27143E+04
    0.15718E+00    0.26264E+04
    0.16036E+00    0.25521E+04
    0.16360E+00    0.24898E+04
    0.16690E+00    0.24374E+04
    0.17028E+00    0.23922E+04
    0.17371E+00    0.23512E+04
    0.17722E+00    0.23113E+04
    0.18080E+00    0.22691E+04
    0.18446E+00    0.22217E+04
    0.18818E+00    0.21673E+04
    0.19198E+00    0.21055E+04
    0.19586E+00    0.20379E+04
    0.19982E+00    0.19670E+04
    0.20386E+00    0.18956E+04
    0.20797E+00    0.18267E+04
    0.21218E+00    0.17629E+04
    0.21646E+00    0.17062E+04
    0.22083E+00    0.16575E+04
    0.22530E+00    0.16164E+04
    0.22985E+00    0.15814E+04
    0.23449E+00    0.15500E+04
    0.23923E+00    0.15196E+04
    0.24406E+00    0.14877E+04
    0.24899E+00    0.14527E+04
    0.25402E+00    0.14142E+04
    0.25915E+00    0.13730E+04
    0.26439E+00    0.13308E+04
    0.26973E+00    0.12896E+04
    0.27518E+00    0.12512E+04
    0.28074E+00    0.12168E+04
    0.28641E+00    0.11866E+04
    0.29219E+00    0.11599E+04
    0.29810E+00    0.11352E+04
    0.30412E+00    0.11108E+04
    0.31026E+00    0.10856E+04
    0.31653E+00    0.10592E+04
    0.32292E+00    0.10317E+04
    0.32945E+00    0.10042E+04
    0.33610E+00    0.97795E+03
    0.34289E+00    0.95357E+03
    0.34982E+00    0.93127E+03
    0.35689E+00    0.91071E+03
    0.36409E+00    0.89106E+03
    0.37145E+00    0.87152E+03
    0.37895E+00    0.85175E+03
    0.38661E+00    0.83182E+03
    0.39442E+00    0.81218E+03
    0.40239E+00    0.79336E+03
    0.41052E+00    0.77560E+03
    0.41881E+00    0.75884E+03
    0.42727E+00    0.74274E+03
    0.43590E+00    0.72693E+03
    0.44471E+00    0.71126E+03
    0.45369E+00    0.69578E+03
    0.46286E+00    0.68072E+03
    0.47221E+00    0.66624E+03
    0.48174E+00    0.65233E+03
    0.49148E+00    0.63889E+03
    0.50141E+00    0.62573E+03
    0.51153E+00    0.61282E+03
    0.52187E+00    0.60017E+03
    0.53241E+00    0.58788E+03
    0.54317E+00    0.57596E+03
    0.55414E+00    0.56437E+03
    0.56533E+00    0.55305E+03
    0.57675E+00    0.54199E+03
    0.58840E+00    0.53118E+03
    0.60029E+00    0.52064E+03
    0.61242E+00    0.51033E+03
    0.62479E+00    0.50027E+03
    0.63741E+00    0.49042E+03
    0.65029E+00    0.48080E+03
    0.66342E+00    0.47139E+03
    0.67683E+00    0.46217E+03
    0.69050E+00    0.45315E+03
    0.70445E+00    0.44430E+03
    0.71868E+00    0.43564E+03
    0.73320E+00    0.42715E+03
    0.74801E+00    0.41882E+03
    0.76312E+00    0.41064E+03
    0.77854E+00    0.40262E+03
    0.79426E+00    0.39475E+03
    0.81031E+00    0.38701E+03
    0.82668E+00    0.37941E+03
    0.84338E+00    0.37195E+03
    0.86041E+00    0.36461E+03
    0.87780E+00    0.35739E+03
    0.89553E+00    0.35029E+03
    0.91362E+00    0.34331E+03
    0.93208E+00    0.33644E+03
    0.95091E+00    0.32967E+03
    0.97011E+00    0.32302E+03
    0.98971E+00    0.31646E+03
    0.10097E+01    0.31001E+03
    0.10301E+01    0.30365E+03
    0.10509E+01    0.29739E+03
    0.10721E+01    0.29122E+03
    0.10938E+01    0.28514E+03
    0.11159E+01    0.27915E+03
    0.11384E+01    0.27324E+03
    0.11614E+01    0.26742E+03
    0.11849E+01    0.26169E+03
    0.12088E+01    0.25603E+03
    0.12333E+01    0.25046E+03
    0.12582E+01    0.24496E+03
    0.12836E+01    0.23954E+03
    0.13095E+01    0.23420E+03
    0.13360E+01    0.22893E+03
    0.13630E+01    0.22373E+03
    0.13905E+01    0.21861E+03
    0.14186E+01    0.21357E+03
    0.14472E+01    0.20860E+03
    0.14765E+01    0.20370E+03
    0.15063E+01    0.19888E+03
    0.15367E+01    0.19413E+03
    0.15678E+01    0.18945E+03
    0.15994E+01    0.18485E+03
    0.16318E+01    0.18032E+03
    0.16647E+01    0.17586E+03
    0.16984E+01    0.17147E+03
    0.17327E+01    0.16715E+03
    0.17677E+01    0.16290E+03
    0.18034E+01    0.15871E+03
    0.18398E+01    0.15459E+03
    0.18770E+01    0.15053E+03
    0.19149E+01    0.14653E+03
    0.19536E+01    0.14259E+03
    0.19930E+01    0.13872E+03
    0.20333E+01    0.13490E+03
    0.20744E+01    0.13116E+03
    0.21163E+01    0.12748E+03
    0.21590E+01    0.12388E+03
    0.22026E+01    0.12036E+03
    0.22471E+01    0.11692E+03
    0.22925E+01    0.11357E+03
    0.23388E+01    0.11030E+03
    0.23861E+01    0.10713E+03
