    0.10000E-03    0.28562E+03
    0.10202E-03    0.29115E+03
    0.10408E-03    0.29679E+03
    0.10618E-03    0.30254E+03
    0.10833E-03    0.30840E+03
    0.11052E-03    0.31438E+03
    0.11275E-03    0.32047E+03
    0.11503E-03    0.32668E+03
    0.11735E-03    0.33300E+03
    0.11972E-03    0.33945E+03
    0.12214E-03    0.34603E+03
    0.12461E-03    0.35273E+03
    0.12712E-03    0.35956E+03
    0.12969E-03    0.36653E+03
    0.13231E-03    0.37362E+03
    0.13499E-03    0.38086E+03
    0.13771E-03    0.38824E+03
    0.14049E-03    0.39575E+03
    0.14333E-03    0.40342E+03
    0.14623E-03    0.41123E+03
    0.14918E-03    0.41919E+03
    0.15220E-03    0.42731E+03
    0.15527E-03    0.43558E+03
    0.15841E-03    0.44401E+03
    0.16161E-03    0.45261E+03
    0.16487E-03    0.46137E+03
    0.16820E-03    0.47030E+03
    0.17160E-03    0.47940E+03
    0.17507E-03    0.48868E+03
    0.17860E-03    0.49813E+03
    0.18221E-03    0.50777E+03
    0.18589E-03    0.51760E+03
    0.18965E-03    0.52761E+03
    0.19348E-03    0.53782E+03
    0.19739E-03    0.54822E+03
    0.20138E-03    0.55882E+03
    0.20544E-03    0.56963E+03
    0.20959E-03    0.58065E+03
    0.21383E-03    0.59188E+03
    0.21815E-03    0.60332E+03
    0.22255E-03    0.61498E+03
    0.22705E-03    0.62687E+03
    0.23164E-03    0.63899E+03
    0.23632E-03    0.65134E+03
    0.24109E-03    0.66392E+03
    0.24596E-03    0.67675E+03
    0.25093E-03    0.68983E+03
    0.25600E-03    0.70315E+03
    0.26117E-03    0.71673E+03
    0.26645E-03    0.73057E+03
    0.27183E-03    0.74468E+03
    0.27732E-03    0.75905E+03
    0.28292E-03    0.77370E+03
    0.28864E-03    0.78863E+03
    0.29447E-03    0.80385E+03
    0.30042E-03    0.81936E+03
    0.30649E-03    0.83516E+03
    0.31268E-03    0.85127E+03
    0.31899E-03    0.86768E+03
    0.32544E-03    0.88440E+03
    0.33201E-03    0.90145E+03
    0.33872E-03    0.91882E+03
    0.34556E-03    0.93652E+03
    0.35254E-03    0.95455E+03
    0.35966E-03    0.97293E+03
    0.36693E-03    0.99165E+03
    0.37434E-03    0.10107E+04
    0.38190E-03    0.10302E+04
    0.38962E-03    0.10500E+04
    0.39749E-03    0.10702E+04
    0.40552E-03    0.10907E+04
    0.41371E-03    0.11117E+04
    0.42207E-03    0.11331E+04
    0.43060E-03    0.11548E+04
    0.43929E-03    0.11770E+04
    0.44817E-03    0.11996E+04
    0.45722E-03    0.12226E+04
    0.46646E-03    0.12460E+04
    0.47588E-03    0.12699E+04
    0.48550E-03    0.12942E+04
    0.49530E-03    0.13190E+04
    0.50531E-03    0.13442E+04
    0.51552E-03    0.13699E+04
    0.52593E-03    0.13961E+04
    0.53656E-03    0.14228E+04
    0.54739E-03    0.14500E+04
    0.55845E-03    0.14776E+04
    0.56973E-03    0.15058E+04
    0.58124E-03    0.15346E+04
    0.59299E-03    0.15638E+04
    0.60496E-03    0.15936E+04
    0.61719E-03    0.16239E+04
    0.62965E-03    0.16548E+04
    0.64237E-03    0.16862E+04
    0.65535E-03    0.17183E+04
    0.66859E-03    0.17509E+04
    0.68210E-03    0.17841E+04
    0.69588E-03    0.18179E+04
    0.70993E-03    0.18523E+04
    0.72427E-03    0.18874E+04
    0.73891E-03    0.19231E+04
    0.75383E-03    0.19594E+04
    0.76906E-03    0.19964E+04
    0.78460E-03    0.20340E+04
    0.80045E-03    0.20724E+04
    0.81662E-03    0.21114E+04
    0.83311E-03    0.21511E+04
    0.84994E-03    0.21915E+04
    0.86711E-03    0.22326E+04
    0.88463E-03    0.22745E+04
    0.90250E-03    0.23171E+04
    0.92073E-03    0.23604E+04
    0.93933E-03    0.24045E+04
    0.95831E-03    0.24494E+04
    0.97767E-03    0.24951E+04
    0.99742E-03    0.25415E+04
    0.10176E-02    0.25888E+04
    0.10381E-02    0.26369E+04
    0.10591E-02    0.26858E+04
    0.10805E-02    0.27355E+04
    0.11023E-02    0.27862E+04
    0.11246E-02    0.28376E+04
    0.11473E-02    0.28900E+04
    0.11705E-02    0.29432E+04
    0.11941E-02    0.29973E+04
    0.12182E-02    0.30523E+04
    0.12429E-02    0.31083E+04
    0.12680E-02    0.31652E+04
    0.12936E-02    0.32230E+04
    0.13197E-02    0.32818E+04
    0.13464E-02    0.33415E+04
    0.13736E-02    0.34022E+04
    0.14013E-02    0.34640E+04
    0.14296E-02    0.35267E+04
    0.14585E-02    0.35904E+04
    0.14880E-02    0.36551E+04
    0.15180E-02    0.37209E+04
    0.15487E-02    0.37877E+04
    0.15800E-02    0.38555E+04
    0.16119E-02    0.39244E+04
    0.16445E-02    0.39944E+04
    0.16777E-02    0.40655E+04
    0.17116E-02    0.41376E+04
    0.17462E-02    0.42109E+04
    0.17814E-02    0.42852E+04
    0.18174E-02    0.43607E+04
    0.18541E-02    0.44373E+04
    0.18916E-02    0.45150E+04
    0.19298E-02    0.45939E+04
    0.19688E-02    0.46739E+04
    0.20086E-02    0.47550E+04
    0.20491E-02    0.48373E+04
    0.20905E-02    0.49208E+04
    0.21328E-02    0.50054E+04
    0.21758E-02    0.50912E+04
    0.22198E-02    0.51782E+04
    0.22646E-02    0.52664E+04
    0.23104E-02    0.53557E+04
    0.23571E-02    0.54462E+04
    0.24047E-02    0.55380E+04
    0.24533E-02    0.56309E+04
    0.25028E-02    0.57250E+04
    0.25534E-02    0.58202E+04
    0.26050E-02    0.59167E+04
    0.26576E-02    0.60143E+04
    0.27113E-02    0.61132E+04
    0.27660E-02    0.62132E+04
    0.28219E-02    0.63144E+04
    0.28789E-02    0.64167E+04
    0.29371E-02    0.65202E+04
    0.29964E-02    0.66249E+04
    0.30569E-02    0.67307E+04
    0.31187E-02    0.68376E+04
    0.31817E-02    0.69457E+04
    0.32460E-02    0.70549E+04
    0.33115E-02    0.71651E+04
    0.33784E-02    0.72765E+04
    0.34467E-02    0.73890E+04
    0.35163E-02    0.75025E+04
    0.35874E-02    0.76171E+04
    0.36598E-02    0.77327E+04
    0.37338E-02    0.78492E+04
    0.38092E-02    0.79666E+04
    0.38861E-02    0.80849E+04
    0.39646E-02    0.82041E+04
    0.40447E-02    0.83243E+04
    0.41264E-02    0.84456E+04
    0.42098E-02    0.85680E+04
    0.42948E-02    0.86914E+04
    0.43816E-02    0.88156E+04
    0.44701E-02    0.89401E+04
    0.45604E-02    0.90646E+04
    0.46525E-02    0.91885E+04
    0.47465E-02    0.93118E+04
    0.48424E-02    0.94349E+04
    0.49402E-02    0.95582E+04
    0.50400E-02    0.96823E+04
    0.51419E-02    0.98077E+04
    0.52457E-02    0.99347E+04
    0.53517E-02    0.10063E+05
    0.54598E-02    0.10192E+05
    0.55701E-02    0.10321E+05
    0.56826E-02    0.10451E+05
    0.57974E-02    0.10580E+05
    0.59145E-02    0.10709E+05
    0.60340E-02    0.10838E+05
    0.61559E-02    0.10966E+05
    0.62803E-02    0.11094E+05
    0.64072E-02    0.11222E+05
    0.65366E-02    0.11350E+05
    0.66686E-02    0.11478E+05
    0.68033E-02    0.11604E+05
    0.69408E-02    0.11730E+05
    0.70810E-02    0.11856E+05
    0.72240E-02    0.11980E+05
    0.73700E-02    0.12104E+05
    0.75189E-02    0.12226E+05
    0.76708E-02    0.12348E+05
    0.78257E-02    0.12468E+05
    0.79838E-02    0.12586E+05
    0.81451E-02    0.12704E+05
    0.83096E-02    0.12820E+05
    0.84775E-02    0.12934E+05
    0.86488E-02    0.13046E+05
    0.88235E-02    0.13156E+05
    0.90017E-02    0.13264E+05
    0.91836E-02    0.13370E+05
    0.93691E-02    0.13474E+05
    0.95583E-02    0.13575E+05
    0.97514E-02    0.13674E+05
    0.99484E-02    0.13769E+05
    0.10149E-01    0.13862E+05
    0.10354E-01    0.13952E+05
    0.10564E-01    0.14039E+05
    0.10777E-01    0.14122E+05
    0.10995E-01    0.14202E+05
    0.11217E-01    0.14278E+05
    0.11443E-01    0.14350E+05
    0.11675E-01    0.14418E+05
    0.11910E-01    0.14482E+05
    0.12151E-01    0.14542E+05
    0.12397E-01    0.14598E+05
    0.12647E-01    0.14649E+05
    0.12902E-01    0.14696E+05
    0.13163E-01    0.14737E+05
    0.13429E-01    0.14773E+05
    0.13700E-01    0.14803E+05
    0.13977E-01    0.14826E+05
    0.14259E-01    0.14844E+05
    0.14547E-01    0.14856E+05
    0.14841E-01    0.14865E+05
    0.15141E-01    0.14870E+05
    0.15447E-01    0.14873E+05
    0.15759E-01    0.14872E+05
    0.16077E-01    0.14866E+05
    0.16402E-01    0.14853E+05
    0.16734E-01    0.14832E+05
    0.17072E-01    0.14800E+05
    0.17416E-01    0.14759E+05
    0.17768E-01    0.14709E+05
    0.18127E-01    0.14651E+05
    0.18493E-01    0.14587E+05
    0.18867E-01    0.14517E+05
    0.19248E-01    0.14441E+05
    0.19637E-01    0.14357E+05
    0.20034E-01    0.14265E+05
    0.20438E-01    0.14164E+05
    0.20851E-01    0.14052E+05
    0.21272E-01    0.13932E+05
    0.21702E-01    0.13803E+05
    0.22141E-01    0.13668E+05
    0.22588E-01    0.13527E+05
    0.23044E-01    0.13382E+05
    0.23510E-01    0.13232E+05
    0.23985E-01    0.13078E+05
    0.24469E-01    0.12920E+05
    0.24964E-01    0.12757E+05
    0.25468E-01    0.12590E+05
    0.25982E-01    0.12419E+05
    0.26507E-01    0.12243E+05
    0.27043E-01    0.12062E+05
    0.27589E-01    0.11876E+05
    0.28146E-01    0.11685E+05
    0.28715E-01    0.11490E+05
    0.29295E-01    0.11292E+05
    0.29887E-01    0.11090E+05
    0.30490E-01    0.10886E+05
    0.31106E-01    0.10681E+05
    0.31735E-01    0.10475E+05
    0.32376E-01    0.10268E+05
    0.33030E-01    0.10063E+05
    0.33697E-01    0.98586E+04
    0.34378E-01    0.96567E+04
    0.35072E-01    0.94573E+04
    0.35781E-01    0.92609E+04
    0.36504E-01    0.90679E+04
    0.37241E-01    0.88787E+04
    0.37993E-01    0.86935E+04
    0.38761E-01    0.85128E+04
    0.39544E-01    0.83367E+04
    0.40343E-01    0.81656E+04
    0.41158E-01    0.79996E+04
    0.41989E-01    0.78392E+04
    0.42838E-01    0.76849E+04
    0.43703E-01    0.75371E+04
    0.44586E-01    0.73964E+04
    0.45486E-01    0.72631E+04
    0.46405E-01    0.71372E+04
    0.47343E-01    0.70180E+04
    0.48299E-01    0.69049E+04
    0.49275E-01    0.67975E+04
    0.50270E-01    0.66951E+04
    0.51286E-01    0.65974E+04
    0.52322E-01    0.65038E+04
    0.53379E-01    0.64140E+04
    0.54457E-01    0.63274E+04
    0.55557E-01    0.62431E+04
    0.56680E-01    0.61602E+04
    0.57825E-01    0.60777E+04
    0.58993E-01    0.59949E+04
    0.60184E-01    0.59110E+04
    0.61400E-01    0.58253E+04
    0.62641E-01    0.57371E+04
    0.63906E-01    0.56451E+04
    0.65197E-01    0.55481E+04
    0.66514E-01    0.54451E+04
    0.67858E-01    0.53368E+04
    0.69229E-01    0.52247E+04
    0.70627E-01    0.51101E+04
    0.72054E-01    0.49912E+04
    0.73510E-01    0.48653E+04
    0.74994E-01    0.47304E+04
    0.76509E-01    0.45883E+04
    0.78055E-01    0.44420E+04
    0.79632E-01    0.42938E+04
    0.81241E-01    0.41448E+04
    0.82882E-01    0.39959E+04
    0.84556E-01    0.38483E+04
    0.86264E-01    0.37038E+04
    0.88007E-01    0.35638E+04
    0.89785E-01    0.34300E+04
    0.91598E-01    0.33036E+04
    0.93449E-01    0.31858E+04
    0.95337E-01    0.30773E+04
    0.97263E-01    0.29790E+04
    0.99227E-01    0.28910E+04
    0.10123E+00    0.28130E+04
    0.10328E+00    0.27446E+04
    0.10536E+00    0.26849E+04
    0.10749E+00    0.26324E+04
    0.10966E+00    0.25859E+04
    0.11188E+00    0.25434E+04
    0.11414E+00    0.25032E+04
    0.11644E+00    0.24634E+04
    0.11880E+00    0.24219E+04
    0.12120E+00    0.23772E+04
    0.12365E+00    0.23276E+04
    0.12614E+00    0.22724E+04
    0.12869E+00    0.22110E+04
    0.13129E+00    0.21437E+04
    0.13394E+00    0.20712E+04
    0.13665E+00    0.19949E+04
    0.13941E+00    0.19163E+04
    0.14223E+00    0.18371E+04
    0.14510E+00    0.17593E+04
    0.14803E+00    0.16852E+04
    0.15102E+00    0.16165E+04
    0.15407E+00    0.15551E+04
    0.15718E+00    0.15016E+04
    0.16036E+00    0.14561E+04
    0.16360E+00    0.14178E+04
    0.16690E+00    0.13853E+04
    0.17028E+00    0.13571E+04
    0.17371E+00    0.13314E+04
    0.17722E+00    0.13063E+04
    0.18080E+00    0.12800E+04
    0.18446E+00    0.12507E+04
    0.18818E+00    0.12173E+04
    0.19198E+00    0.11796E+04
    0.19586E+00    0.11385E+04
    0.19982E+00    0.10956E+04
    0.20386E+00    0.10525E+04
    0.20797E+00    0.10109E+04
    0.21218E+00    0.97223E+03
    0.21646E+00    0.93782E+03
    0.22083E+00    0.90816E+03
    0.22530E+00    0.88303E+03
    0.22985E+00    0.86149E+03
    0.23449E+00    0.84214E+03
    0.23923E+00    0.82343E+03
    0.24406E+00    0.80391E+03
    0.24899E+00    0.78260E+03
    0.25402E+00    0.75925E+03
    0.25915E+00    0.73437E+03
    0.26439E+00    0.70894E+03
    0.26973E+00    0.68412E+03
    0.27518E+00    0.66098E+03
    0.28074E+00    0.64023E+03
    0.28641E+00    0.62203E+03
    0.29219E+00    0.60591E+03
    0.29810E+00    0.59098E+03
    0.30412E+00    0.57632E+03
    0.31026E+00    0.56122E+03
    0.31653E+00    0.54538E+03
    0.32292E+00    0.52896E+03
    0.32945E+00    0.51258E+03
    0.33610E+00    0.49694E+03
    0.34289E+00    0.48245E+03
    0.34982E+00    0.46923E+03
    0.35689E+00    0.45707E+03
    0.36409E+00    0.44548E+03
    0.37145E+00    0.43399E+03
    0.37895E+00    0.42238E+03
    0.38661E+00    0.41069E+03
    0.39442E+00    0.39920E+03
    0.40239E+00    0.38821E+03
    0.41052E+00    0.37789E+03
    0.41881E+00    0.36819E+03
    0.42727E+00    0.35891E+03
    0.43590E+00    0.34983E+03
    0.44471E+00    0.34085E+03
    0.45369E+00    0.33199E+03
    0.46286E+00    0.32340E+03
    0.47221E+00    0.31518E+03
    0.48174E+00    0.30734E+03
    0.49148E+00    0.29979E+03
    0.50141E+00    0.29243E+03
    0.51153E+00    0.28523E+03
    0.52187E+00    0.27820E+03
    0.53241E+00    0.27141E+03
    0.54317E+00    0.26486E+03
    0.55414E+00    0.25853E+03
    0.56533E+00    0.25237E+03
    0.57675E+00    0.24638E+03
    0.58840E+00    0.24057E+03
    0.60029E+00    0.23492E+03
    0.61242E+00    0.22943E+03
    0.62479E+00    0.22410E+03
    0.63741E+00    0.21892E+03
    0.65029E+00    0.21389E+03
    0.66342E+00    0.20899E+03
    0.67683E+00    0.20423E+03
    0.69050E+00    0.19959E+03
    0.70445E+00    0.19508E+03
    0.71868E+00    0.19069E+03
    0.73320E+00    0.18641E+03
    0.74801E+00    0.18223E+03
    0.76312E+00    0.17817E+03
    0.77854E+00    0.17420E+03
    0.79426E+00    0.17033E+03
    0.81031E+00    0.16656E+03
    0.82668E+00    0.16287E+03
    0.84338E+00    0.15927E+03
    0.86041E+00    0.15576E+03
    0.87780E+00    0.15233E+03
    0.89553E+00    0.14898E+03
    0.91362E+00    0.14570E+03
    0.93208E+00    0.14249E+03
    0.95091E+00    0.13936E+03
    0.97011E+00    0.13629E+03
    0.98971E+00    0.13329E+03
    0.10097E+01    0.13035E+03
    0.10301E+01    0.12748E+03
    0.10509E+01    0.12466E+03
    0.10721E+01    0.12190E+03
    0.10938E+01    0.11920E+03
    0.11159E+01    0.11655E+03
    0.11384E+01    0.11395E+03
    0.11614E+01    0.11141E+03
    0.11849E+01    0.10891E+03
    0.12088E+01    0.10647E+03
    0.12333E+01    0.10407E+03
    0.12582E+01    0.10171E+03
    0.12836E+01    0.99399E+02
    0.13095E+01    0.97131E+02
    0.13360E+01    0.94905E+02
    0.13630E+01    0.92719E+02
    0.13905E+01    0.90574E+02
    0.14186E+01    0.88469E+02
    0.14472E+01    0.86402E+02
    0.14765E+01    0.84374E+02
    0.15063E+01    0.82383E+02
    0.15367E+01    0.80429E+02
    0.15678E+01    0.78511E+02
    0.15994E+01    0.76629E+02
    0.16318E+01    0.74782E+02
    0.16647E+01    0.72970E+02
    0.16984E+01    0.71190E+02
    0.17327E+01    0.69443E+02
    0.17677E+01    0.67727E+02
    0.18034E+01    0.66041E+02
    0.18398E+01    0.64384E+02
    0.18770E+01    0.62756E+02
    0.19149E+01    0.61156E+02
    0.19536E+01    0.59583E+02
    0.19930E+01    0.58036E+02
    0.20333E+01    0.56517E+02
    0.20744E+01    0.55025E+02
    0.21163E+01    0.53563E+02
    0.21590E+01    0.52131E+02
    0.22026E+01    0.50731E+02
    0.22471E+01    0.49362E+02
    0.22925E+01    0.48027E+02
    0.23388E+01    0.46724E+02
    0.23861E+01    0.45455E+02
